#Energy	pz
-23.18693	0
-23.17593	0
-23.16493	0
-23.15393	0
-23.14393	0
-23.13293	0
-23.12193	0
-23.11093	0
-23.09993	0
-23.08993	0
-23.07893	0
-23.06793	0
-23.05693	0
-23.04593	0
-23.03593	0
-23.02493	0
-23.01393	0
-23.00293	0
-22.99193	0
-22.98193	0
-22.97093	0
-22.95993	0
-22.94893	0
-22.93893	0
-22.92793	0
-22.91693	0
-22.90593	0
-22.89493	0
-22.88493	0
-22.87393	0
-22.86293	0
-22.85193	0
-22.84093	0
-22.83093	0
-22.81993	0
-22.80893	0
-22.79793	0
-22.78693	0
-22.77693	0
-22.76593	0
-22.75493	0
-22.74393	0
-22.73393	0
-22.72293	0
-22.71193	0
-22.70093	0
-22.68993	0
-22.67993	0
-22.66893	0
-22.65793	0
-22.64693	0
-22.63593	0
-22.62593	0
-22.61493	0
-22.60393	0
-22.59293	0
-22.58193	0
-22.57193	0
-22.56093	0
-22.54993	0
-22.53893	0
-22.52893	0
-22.51793	0
-22.50693	0
-22.49593	0
-22.48493	0
-22.47493	0
-22.46393	0
-22.45293	0
-22.44193	0
-22.43093	0
-22.42093	0
-22.40993	0
-22.39893	0
-22.38793	0
-22.37693	0
-22.36693	0
-22.35593	0
-22.34493	0
-22.33393	0
-22.32393	0
-22.31293	0
-22.30193	0
-22.29093	0
-22.27993	0
-22.26993	0
-22.25893	0
-22.24793	0
-22.23693	0
-22.22593	0
-22.21593	0
-22.20493	0
-22.19393	0
-22.18293	0
-22.17193	0
-22.16193	0
-22.15093	0
-22.13993	0
-22.12893	0
-22.11893	0
-22.10793	0
-22.09693	0
-22.08593	0
-22.07493	0
-22.06493	0
-22.05393	0
-22.04293	0
-22.03193	0
-22.02093	0
-22.01093	0
-21.99993	0
-21.98893	0
-21.97793	0
-21.96693	0
-21.95693	0
-21.94593	0
-21.93493	0
-21.92393	0
-21.91393	0
-21.90293	0
-21.89193	0
-21.88093	0
-21.86993	0
-21.85993	0
-21.84893	0
-21.83793	0
-21.82693	0
-21.81593	-1E-5
-21.80593	-2E-5
-21.79493	-4E-5
-21.78393	-7E-5
-21.77293	-1.3E-4
-21.76293	-2.2E-4
-21.75193	-3.3E-4
-21.74093	-4.5E-4
-21.72993	-5.6E-4
-21.71893	-6.4E-4
-21.70893	-6.6E-4
-21.69793	-6.2E-4
-21.68693	-5.3E-4
-21.67593	-4.2E-4
-21.66493	-3E-4
-21.65493	-1.9E-4
-21.64393	-1.2E-4
-21.63293	-6E-5
-21.62193	-3E-5
-21.61093	-1E-5
-21.60093	-1E-5
-21.58993	0
-21.57893	0
-21.56793	0
-21.55793	0
-21.54693	0
-21.53593	0
-21.52493	0
-21.51393	0
-21.50393	0
-21.49293	0
-21.48193	0
-21.47093	0
-21.45993	0
-21.44993	0
-21.43893	-1E-5
-21.42793	-2E-5
-21.41693	-5E-5
-21.40593	-1E-4
-21.39593	-1.8E-4
-21.38493	-3.2E-4
-21.37393	-5.1E-4
-21.36293	-7.3E-4
-21.35293	-9.7E-4
-21.34193	-0.00117
-21.33093	-0.00129
-21.31993	-0.00129
-21.30893	-0.00118
-21.29893	-9.8E-4
-21.28793	-7.5E-4
-21.27693	-5.2E-4
-21.26593	-3.3E-4
-21.25493	-1.9E-4
-21.24493	-1E-4
-21.23393	-5E-5
-21.22293	-2E-5
-21.21193	-1E-5
-21.20093	0
-21.19093	0
-21.17993	0
-21.16893	0
-21.15793	0
-21.14793	0
-21.13693	0
-21.12593	0
-21.11493	0
-21.10393	0
-21.09393	0
-21.08293	0
-21.07193	0
-21.06093	0
-21.04993	0
-21.03993	0
-21.02893	0
-21.01793	0
-21.00693	0
-20.99593	0
-20.98593	0
-20.97493	0
-20.96393	0
-20.95293	0
-20.94293	0
-20.93193	0
-20.92093	0
-20.90993	0
-20.89893	0
-20.88893	0
-20.87793	0
-20.86693	0
-20.85593	0
-20.84493	0
-20.83493	0
-20.82393	0
-20.81293	0
-20.80193	0
-20.79093	0
-20.78093	0
-20.76993	0
-20.75893	0
-20.74793	0
-20.73793	0
-20.72693	0
-20.71593	0
-20.70493	0
-20.69393	0
-20.68393	0
-20.67293	0
-20.66193	0
-20.65093	0
-20.63993	0
-20.62993	-1E-5
-20.61893	-3E-5
-20.60793	-6E-5
-20.59693	-1.2E-4
-20.58593	-2.1E-4
-20.57593	-3.4E-4
-20.56493	-5E-4
-20.55393	-6.7E-4
-20.54293	-8.2E-4
-20.53293	-9.1E-4
-20.52193	-9.3E-4
-20.51093	-8.6E-4
-20.49993	-7.3E-4
-20.48893	-5.6E-4
-20.47893	-3.9E-4
-20.46793	-2.5E-4
-20.45693	-1.5E-4
-20.44593	-8E-5
-20.43493	-4E-5
-20.42493	-2E-5
-20.41393	-1E-5
-20.40293	0
-20.39193	0
-20.38093	0
-20.37093	0
-20.35993	0
-20.34893	0
-20.33793	0
-20.32793	0
-20.31693	0
-20.30593	0
-20.29493	0
-20.28393	0
-20.27393	0
-20.26293	-1E-5
-20.25193	-2E-5
-20.24093	-3E-5
-20.22993	-5E-5
-20.21993	-7E-5
-20.20893	-1E-4
-20.19793	-1.2E-4
-20.18693	-1.3E-4
-20.17593	-1.3E-4
-20.16593	-1.2E-4
-20.15493	-1E-4
-20.14393	-8E-5
-20.13293	-5E-5
-20.12293	-3E-5
-20.11193	-2E-5
-20.10093	-1E-5
-20.08993	0
-20.07893	0
-20.06893	0
-20.05793	0
-20.04693	0
-20.03593	0
-20.02493	0
-20.01493	0
-20.00393	0
-19.99293	0
-19.98193	0
-19.97093	0
-19.96093	0
-19.94993	0
-19.93893	0
-19.92793	0
-19.91793	0
-19.90693	0
-19.89593	0
-19.88493	0
-19.87393	0
-19.86393	0
-19.85293	0
-19.84193	0
-19.83093	0
-19.81993	0
-19.80993	0
-19.79893	0
-19.78793	0
-19.77693	0
-19.76593	0
-19.75593	0
-19.74493	0
-19.73393	0
-19.72293	0
-19.71293	0
-19.70193	0
-19.69093	0
-19.67993	0
-19.66893	0
-19.65893	0
-19.64793	0
-19.63693	0
-19.62593	0
-19.61493	0
-19.60493	0
-19.59393	0
-19.58293	0
-19.57193	0
-19.56093	0
-19.55093	0
-19.53993	0
-19.52893	0
-19.51793	0
-19.50793	0
-19.49693	0
-19.48593	0
-19.47493	0
-19.46393	0
-19.45393	0
-19.44293	0
-19.43193	0
-19.42093	0
-19.40993	0
-19.39993	0
-19.38893	0
-19.37793	0
-19.36693	0
-19.35593	0
-19.34593	0
-19.33493	0
-19.32393	0
-19.31293	0
-19.30293	0
-19.29193	0
-19.28093	0
-19.26993	0
-19.25893	0
-19.24893	0
-19.23793	0
-19.22693	0
-19.21593	0
-19.20493	0
-19.19493	0
-19.18393	0
-19.17293	0
-19.16193	-1E-5
-19.15093	-2E-5
-19.14093	-3E-5
-19.12993	-7E-5
-19.11893	-1.2E-4
-19.10793	-2.1E-4
-19.09793	-3.2E-4
-19.08693	-4.4E-4
-19.07593	-5.6E-4
-19.06493	-6.4E-4
-19.05393	-6.8E-4
-19.04393	-6.5E-4
-19.03293	-5.7E-4
-19.02193	-4.6E-4
-19.01093	-3.3E-4
-18.99993	-2.2E-4
-18.98993	-1.3E-4
-18.97893	-7E-5
-18.96793	-4E-5
-18.95693	-2E-5
-18.94593	-1E-5
-18.93593	-1E-5
-18.92493	-1E-5
-18.91393	-1E-5
-18.90293	-1E-5
-18.89293	-1E-5
-18.88193	-1E-5
-18.87093	-1E-5
-18.85993	-1E-5
-18.84893	-1E-5
-18.83893	-1E-5
-18.82793	-1E-5
-18.81693	-1E-5
-18.80593	-2E-5
-18.79493	-2E-5
-18.78493	-3E-5
-18.77393	-4E-5
-18.76293	-6E-5
-18.75193	-6E-5
-18.74093	-7E-5
-18.73093	-7E-5
-18.71993	-6E-5
-18.70893	-5E-5
-18.69793	-5E-5
-18.68793	-4E-5
-18.67693	-5E-5
-18.66593	-6E-5
-18.65493	-7E-5
-18.64393	-8E-5
-18.63393	-9E-5
-18.62293	-9E-5
-18.61193	-8E-5
-18.60093	-7E-5
-18.58993	-5E-5
-18.57993	-4E-5
-18.56893	-2E-5
-18.55793	-1E-5
-18.54693	-1E-5
-18.53693	0
-18.52593	0
-18.51493	0
-18.50393	0
-18.49293	-1E-5
-18.48293	-1E-5
-18.47193	-2E-5
-18.46093	-3E-5
-18.44993	-3E-5
-18.43893	-4E-5
-18.42893	-5E-5
-18.41793	-5E-5
-18.40693	-6E-5
-18.39593	-7E-5
-18.38493	-9E-5
-18.37493	-1.2E-4
-18.36393	-1.5E-4
-18.35293	-1.8E-4
-18.34193	-2.1E-4
-18.33193	-2.5E-4
-18.32093	-2.8E-4
-18.30993	-3.2E-4
-18.29893	-3.3E-4
-18.28793	-3.4E-4
-18.27793	-3.1E-4
-18.26693	-2.7E-4
-18.25593	-2.2E-4
-18.24493	-1.6E-4
-18.23393	-1.1E-4
-18.22393	-7E-5
-18.21293	-5E-5
-18.20193	-4E-5
-18.19093	-3E-5
-18.17993	-3E-5
-18.16993	-3E-5
-18.15893	-3E-5
-18.14793	-2E-5
-18.13693	-2E-5
-18.12693	-2E-5
-18.11593	-2E-5
-18.10493	-2E-5
-18.09393	-3E-5
-18.08293	-4E-5
-18.07293	-5E-5
-18.06193	-7E-5
-18.05093	-1E-4
-18.03993	-1.4E-4
-18.02893	-2.1E-4
-18.01893	-3.4E-4
-18.00793	-5.8E-4
-17.99693	-9.8E-4
-17.98593	-0.00161
-17.97493	-0.00251
-17.96493	-0.00365
-17.95393	-0.00494
-17.94293	-0.00621
-17.93193	-0.00724
-17.92193	-0.00784
-17.91093	-0.0079
-17.89993	-0.00743
-17.88893	-0.00657
-17.87793	-0.0055
-17.86793	-0.00443
-17.85693	-0.00349
-17.84593	-0.00274
-17.83493	-0.00218
-17.82393	-0.00174
-17.81393	-0.00138
-17.80293	-0.00108
-17.79193	-8.4E-4
-17.78093	-6.7E-4
-17.76993	-5.8E-4
-17.75993	-5.9E-4
-17.74893	-6.6E-4
-17.73793	-7.9E-4
-17.72693	-9.5E-4
-17.71693	-0.00109
-17.70593	-0.0012
-17.69493	-0.00124
-17.68393	-0.00121
-17.67293	-0.00112
-17.66293	-9.9E-4
-17.65193	-8.4E-4
-17.64093	-7E-4
-17.62993	-5.9E-4
-17.61893	-5.1E-4
-17.60893	-4.7E-4
-17.59793	-4.6E-4
-17.58693	-4.8E-4
-17.57593	-5.3E-4
-17.56493	-5.7E-4
-17.55493	-6E-4
-17.54393	-6.1E-4
-17.53293	-5.9E-4
-17.52193	-5.3E-4
-17.51193	-4.5E-4
-17.50093	-3.7E-4
-17.48993	-2.9E-4
-17.47893	-2.3E-4
-17.46793	-1.9E-4
-17.45793	-1.8E-4
-17.44693	-1.8E-4
-17.43593	-1.9E-4
-17.42493	-2E-4
-17.41393	-2.2E-4
-17.40393	-2.3E-4
-17.39293	-2.4E-4
-17.38193	-2.4E-4
-17.37093	-2.3E-4
-17.35993	-2.1E-4
-17.34993	-1.9E-4
-17.33893	-1.6E-4
-17.32793	-1.3E-4
-17.31693	-1.1E-4
-17.30693	-9E-5
-17.29593	-7E-5
-17.28493	-5E-5
-17.27393	-4E-5
-17.26293	-3E-5
-17.25293	-2E-5
-17.24193	-1E-5
-17.23093	-1E-5
-17.21993	0
-17.20893	0
-17.19893	0
-17.18793	0
-17.17693	0
-17.16593	0
-17.15493	0
-17.14493	0
-17.13393	0
-17.12293	0
-17.11193	0
-17.10193	0
-17.09093	0
-17.07993	0
-17.06893	0
-17.05793	0
-17.04793	0
-17.03693	0
-17.02593	0
-17.01493	0
-17.00393	0
-16.99393	0
-16.98293	0
-16.97193	0
-16.96093	0
-16.94993	0
-16.93993	0
-16.92893	0
-16.91793	0
-16.90693	0
-16.89693	0
-16.88593	0
-16.87493	0
-16.86393	0
-16.85293	0
-16.84293	0
-16.83193	0
-16.82093	0
-16.80993	0
-16.79893	0
-16.78893	0
-16.77793	0
-16.76693	0
-16.75593	0
-16.74493	0
-16.73493	0
-16.72393	0
-16.71293	0
-16.70193	0
-16.69193	0
-16.68093	0
-16.66993	0
-16.65893	0
-16.64793	0
-16.63793	0
-16.62693	0
-16.61593	0
-16.60493	0
-16.59393	0
-16.58393	0
-16.57293	0
-16.56193	0
-16.55093	0
-16.53993	0
-16.52993	0
-16.51893	0
-16.50793	0
-16.49693	0
-16.48693	0
-16.47593	0
-16.46493	0
-16.45393	0
-16.44293	0
-16.43293	0
-16.42193	0
-16.41093	0
-16.39993	0
-16.38893	0
-16.37893	0
-16.36793	0
-16.35693	0
-16.34593	0
-16.33493	0
-16.32493	0
-16.31393	0
-16.30293	0
-16.29193	0
-16.28193	0
-16.27093	0
-16.25993	0
-16.24893	0
-16.23793	0
-16.22793	0
-16.21693	0
-16.20593	0
-16.19493	0
-16.18393	0
-16.17393	0
-16.16293	0
-16.15193	0
-16.14093	0
-16.12993	0
-16.11993	0
-16.10893	0
-16.09793	0
-16.08693	0
-16.07693	0
-16.06593	0
-16.05493	0
-16.04393	0
-16.03293	0
-16.02293	0
-16.01193	0
-16.00093	0
-15.98993	0
-15.97893	0
-15.96893	0
-15.95793	0
-15.94693	0
-15.93593	0
-15.92493	0
-15.91493	-1E-5
-15.90393	-2E-5
-15.89293	-3E-5
-15.88193	-7E-5
-15.87193	-1.4E-4
-15.86093	-2.4E-4
-15.84993	-3.7E-4
-15.83893	-5.4E-4
-15.82793	-7.1E-4
-15.81793	-8.4E-4
-15.80693	-9.2E-4
-15.79593	-9.2E-4
-15.78493	-8.3E-4
-15.77393	-6.9E-4
-15.76393	-5.2E-4
-15.75293	-3.5E-4
-15.74193	-2.2E-4
-15.73093	-1.3E-4
-15.71993	-7E-5
-15.70993	-3E-5
-15.69893	-1E-5
-15.68793	-1E-5
-15.67693	-1E-5
-15.66693	-2E-5
-15.65593	-6E-5
-15.64493	-1.4E-4
-15.63393	-3E-4
-15.62293	-6.2E-4
-15.61293	-0.00115
-15.60193	-0.00198
-15.59093	-0.00314
-15.57993	-0.00461
-15.56893	-0.00629
-15.55893	-0.00799
-15.54793	-0.00945
-15.53693	-0.01042
-15.52593	-0.01072
-15.51493	-0.01028
-15.50493	-0.00921
-15.49393	-0.00777
-15.48293	-0.00633
-15.47193	-0.00525
-15.46193	-0.00483
-15.45093	-0.0052
-15.43993	-0.00628
-15.42893	-0.00778
-15.41793	-0.00929
-15.40793	-0.01036
-15.39693	-0.01067
-15.38593	-0.01014
-15.37493	-0.00896
-15.36393	-0.00744
-15.35393	-0.00593
-15.34293	-0.00464
-15.33193	-0.00365
-15.32093	-0.00291
-15.30993	-0.00231
-15.29993	-0.00178
-15.28893	-0.00131
-15.27793	-9E-4
-15.26693	-5.7E-4
-15.25693	-3.4E-4
-15.24593	-1.8E-4
-15.23493	-9E-5
-15.22393	-4E-5
-15.21293	-2E-5
-15.20293	-1E-5
-15.19193	0
-15.18093	0
-15.16993	0
-15.15893	0
-15.14893	0
-15.13793	0
-15.12693	0
-15.11593	0
-15.10593	0
-15.09493	0
-15.08393	0
-15.07293	0
-15.06193	0
-15.05193	0
-15.04093	0
-15.02993	0
-15.01893	0
-15.00793	0
-14.99793	0
-14.98693	0
-14.97593	0
-14.96493	0
-14.95393	0
-14.94393	0
-14.93293	0
-14.92193	0
-14.91093	0
-14.90093	0
-14.88993	0
-14.87893	0
-14.86793	0
-14.85693	0
-14.84693	0
-14.83593	0
-14.82493	0
-14.81393	0
-14.80293	0
-14.79293	0
-14.78193	0
-14.77093	0
-14.75993	0
-14.74893	0
-14.73893	0
-14.72793	0
-14.71693	0
-14.70593	0
-14.69593	0
-14.68493	0
-14.67393	0
-14.66293	0
-14.65193	0
-14.64193	0
-14.63093	0
-14.61993	0
-14.60893	0
-14.59793	0
-14.58793	0
-14.57693	0
-14.56593	0
-14.55493	0
-14.54393	0
-14.53393	0
-14.52293	0
-14.51193	0
-14.50093	-1E-5
-14.49093	-2E-5
-14.47993	-5E-5
-14.46893	-1E-4
-14.45793	-2.2E-4
-14.44693	-4.2E-4
-14.43693	-7.2E-4
-14.42593	-0.00114
-14.41493	-0.00164
-14.40393	-0.00215
-14.39293	-0.00257
-14.38293	-0.0028
-14.37193	-0.00279
-14.36093	-0.00253
-14.34993	-0.00209
-14.33893	-0.00158
-14.32893	-0.00109
-14.31793	-6.8E-4
-14.30693	-3.9E-4
-14.29593	-2E-4
-14.28593	-1E-4
-14.27493	-4E-5
-14.26393	-2E-5
-14.25293	-1E-5
-14.24193	0
-14.23193	0
-14.22093	0
-14.20993	0
-14.19893	0
-14.18793	0
-14.17793	0
-14.16693	0
-14.15593	0
-14.14493	0
-14.13393	0
-14.12393	0
-14.11293	0
-14.10193	0
-14.09093	0
-14.08093	0
-14.06993	0
-14.05893	0
-14.04793	0
-14.03693	0
-14.02693	0
-14.01593	0
-14.00493	0
-13.99393	0
-13.98293	0
-13.97293	0
-13.96193	0
-13.95093	0
-13.93993	0
-13.92893	0
-13.91893	0
-13.90793	0
-13.89693	0
-13.88593	0
-13.87593	0
-13.86493	0
-13.85393	0
-13.84293	0
-13.83193	-1E-5
-13.82193	-2E-5
-13.81093	-5E-5
-13.79993	-1.1E-4
-13.78893	-2.5E-4
-13.77793	-4.9E-4
-13.76793	-8.9E-4
-13.75693	-0.00148
-13.74593	-0.00225
-13.73493	-0.0031
-13.72393	-0.0039
-13.71393	-0.00448
-13.70293	-0.00469
-13.69193	-0.00447
-13.68093	-0.00389
-13.67093	-0.00308
-13.65993	-0.00223
-13.64893	-0.00147
-13.63793	-8.8E-4
-13.62693	-4.8E-4
-13.61693	-2.4E-4
-13.60593	-1.1E-4
-13.59493	-5E-5
-13.58393	-2E-5
-13.57293	-1E-5
-13.56293	0
-13.55193	0
-13.54093	0
-13.52993	0
-13.51893	0
-13.50893	0
-13.49793	0
-13.48693	0
-13.47593	0
-13.46593	0
-13.45493	0
-13.44393	0
-13.43293	0
-13.42193	0
-13.41193	0
-13.40093	0
-13.38993	0
-13.37893	0
-13.36793	0
-13.35793	0
-13.34693	0
-13.33593	0
-13.32493	0
-13.31393	0
-13.30393	0
-13.29293	0
-13.28193	0
-13.27093	0
-13.26093	0
-13.24993	0
-13.23893	0
-13.22793	0
-13.21693	0
-13.20693	0
-13.19593	0
-13.18493	0
-13.17393	0
-13.16293	0
-13.15293	0
-13.14193	0
-13.13093	0
-13.11993	0
-13.10893	0
-13.09893	0
-13.08793	0
-13.07693	0
-13.06593	0
-13.05593	0
-13.04493	0
-13.03393	0
-13.02293	0
-13.01193	0
-13.00193	0
-12.99093	0
-12.97993	0
-12.96893	0
-12.95793	0
-12.94793	0
-12.93693	0
-12.92593	0
-12.91493	0
-12.90393	0
-12.89393	0
-12.88293	0
-12.87193	0
-12.86093	0
-12.85093	0
-12.83993	0
-12.82893	0
-12.81793	0
-12.80693	0
-12.79693	0
-12.78593	0
-12.77493	0
-12.76393	0
-12.75293	0
-12.74293	0
-12.73193	0
-12.72093	0
-12.70993	0
-12.69893	0
-12.68893	0
-12.67793	0
-12.66693	0
-12.65593	0
-12.64593	0
-12.63493	0
-12.62393	0
-12.61293	0
-12.60193	0
-12.59193	0
-12.58093	-1E-5
-12.56993	-2E-5
-12.55893	-5E-5
-12.54793	-1.3E-4
-12.53793	-2.9E-4
-12.52693	-5.8E-4
-12.51593	-0.00108
-12.50493	-0.00182
-12.49393	-0.0028
-12.48393	-0.00393
-12.47293	-0.00504
-12.46193	-0.00591
-12.45093	-0.00636
-12.44093	-0.00636
-12.42993	-0.00603
-12.41893	-0.00563
-12.40793	-0.00549
-12.39693	-0.00584
-12.38693	-0.00672
-12.37593	-0.00792
-12.36493	-0.00908
-12.35393	-0.00979
-12.34293	-0.00975
-12.33293	-0.00893
-12.32193	-0.00751
-12.31093	-0.00588
-12.29993	-0.00445
-12.28893	-0.00362
-12.27893	-0.00366
-12.26793	-0.00475
-12.25693	-0.00691
-12.24593	-0.00996
-12.23593	-0.01342
-12.22493	-0.01664
-12.21393	-0.01884
-12.20293	-0.01948
-12.19193	-0.01836
-12.18193	-0.01578
-12.17093	-0.01236
-12.15993	-0.00883
-12.14893	-0.00575
-12.13793	-0.00342
-12.12793	-0.00186
-12.11693	-9.3E-4
-12.10593	-4.5E-4
-12.09493	-2.8E-4
-12.08393	-3.1E-4
-12.07393	-5.4E-4
-12.06293	-0.00101
-12.05193	-0.00177
-12.04093	-0.00282
-12.03093	-0.00412
-12.01993	-0.00549
-12.00893	-0.00667
-11.99793	-0.0074
-11.98693	-0.00753
-11.97693	-0.00705
-11.96593	-0.00616
-11.95493	-0.00514
-11.94393	-0.00426
-11.93293	-0.00368
-11.92293	-0.00341
-11.91193	-0.00333
-11.90093	-0.00326
-11.88993	-0.00308
-11.87893	-0.00272
-11.86893	-0.00222
-11.85793	-0.00166
-11.84693	-0.00114
-11.83593	-7.1E-4
-11.82593	-4E-4
-11.81493	-2.1E-4
-11.80393	-1E-4
-11.79293	-4E-5
-11.78193	-2E-5
-11.77193	-1E-5
-11.76093	0
-11.74993	0
-11.73893	0
-11.72793	0
-11.71793	0
-11.70693	0
-11.69593	0
-11.68493	0
-11.67493	0
-11.66393	0
-11.65293	0
-11.64193	0
-11.63093	0
-11.62093	0
-11.60993	0
-11.59893	0
-11.58793	0
-11.57693	0
-11.56693	0
-11.55593	0
-11.54493	0
-11.53393	0
-11.52293	0
-11.51293	0
-11.50193	0
-11.49093	0
-11.47993	0
-11.46993	0
-11.45893	0
-11.44793	0
-11.43693	0
-11.42593	-1E-5
-11.41593	-2E-5
-11.40493	-6E-5
-11.39393	-1.5E-4
-11.38293	-3.7E-4
-11.37193	-8.2E-4
-11.36193	-0.00167
-11.35093	-0.00311
-11.33993	-0.00528
-11.32893	-0.00817
-11.31793	-0.01153
-11.30793	-0.01483
-11.29693	-0.0174
-11.28593	-0.01861
-11.27493	-0.01815
-11.26493	-0.01614
-11.25393	-0.01308
-11.24293	-0.00967
-11.23193	-0.00652
-11.22093	-0.004
-11.21093	-0.00224
-11.19993	-0.00115
-11.18893	-5.4E-4
-11.17793	-2.5E-4
-11.16693	-1.5E-4
-11.15693	-1.9E-4
-11.14593	-3.6E-4
-11.13493	-7.2E-4
-11.12393	-0.00132
-11.11293	-0.00224
-11.10293	-0.00352
-11.09193	-0.00512
-11.08093	-0.00698
-11.06993	-0.00894
-11.05993	-0.01085
-11.04893	-0.01252
-11.03793	-0.01378
-11.02693	-0.01442
-11.01593	-0.01426
-11.00593	-0.01326
-10.99493	-0.01149
-10.98393	-0.00923
-10.97293	-0.00684
-10.96193	-0.00466
-10.95193	-0.00291
-10.94093	-0.00166
-10.92993	-8.7E-4
-10.91893	-4.1E-4
-10.90793	-1.8E-4
-10.89793	-7E-5
-10.88693	-3E-5
-10.87593	-1E-5
-10.86493	0
-10.85493	0
-10.84393	0
-10.83293	0
-10.82193	0
-10.81093	0
-10.80093	0
-10.78993	0
-10.77893	0
-10.76793	0
-10.75693	0
-10.74693	0
-10.73593	0
-10.72493	0
-10.71393	0
-10.70293	0
-10.69293	0
-10.68193	0
-10.67093	0
-10.65993	0
-10.64993	0
-10.63893	0
-10.62793	0
-10.61693	0
-10.60593	0
-10.59593	0
-10.58493	0
-10.57393	0
-10.56293	0
-10.55193	0
-10.54193	0
-10.53093	0
-10.51993	0
-10.50893	0
-10.49793	0
-10.48793	0
-10.47693	0
-10.46593	0
-10.45493	0
-10.44493	0
-10.43393	0
-10.42293	0
-10.41193	-1E-5
-10.40093	-2E-5
-10.39093	-5E-5
-10.37993	-1.1E-4
-10.36893	-2.4E-4
-10.35793	-4.7E-4
-10.34693	-8.5E-4
-10.33693	-0.00141
-10.32593	-0.00212
-10.31493	-0.00291
-10.30393	-0.00364
-10.29293	-0.00415
-10.28293	-0.00432
-10.27193	-0.0041
-10.26093	-0.00354
-10.24993	-0.00279
-10.23993	-0.00201
-10.22893	-0.00132
-10.21793	-7.9E-4
-10.20693	-4.4E-4
-10.19593	-2.5E-4
-10.18593	-2E-4
-10.17493	-3E-4
-10.16393	-6E-4
-10.15293	-0.0012
-10.14193	-0.00223
-10.13193	-0.00378
-10.12093	-0.00585
-10.10993	-0.00826
-10.09893	-0.01063
-10.08793	-0.01247
-10.07793	-0.01335
-10.06693	-0.01303
-10.05593	-0.01159
-10.04493	-0.00941
-10.03493	-0.00696
-10.02393	-0.0047
-10.01293	-0.00289
-10.00193	-0.00162
-9.99093	-8.3E-4
-9.98093	-3.9E-4
-9.96993	-1.7E-4
-9.95893	-6E-5
-9.94793	-2E-5
-9.93693	-1E-5
-9.92693	0
-9.91593	0
-9.90493	0
-9.89393	0
-9.88293	0
-9.87293	0
-9.86193	0
-9.85093	0
-9.83993	0
-9.82993	0
-9.81893	0
-9.80793	0
-9.79693	0
-9.78593	0
-9.77593	0
-9.76493	-1E-5
-9.75393	-4E-5
-9.74293	-1E-4
-9.73193	-2.5E-4
-9.72193	-5.6E-4
-9.71093	-0.00116
-9.69993	-0.00222
-9.68893	-0.00386
-9.67793	-0.00614
-9.66793	-0.00892
-9.65693	-0.01185
-9.64593	-0.01438
-9.63493	-0.01596
-9.62493	-0.01618
-9.61393	-0.015
-9.60293	-0.0127
-9.59193	-0.00983
-9.58093	-0.00695
-9.57093	-0.00449
-9.55993	-0.00265
-9.54893	-0.00143
-9.53793	-7E-4
-9.52693	-3.2E-4
-9.51693	-1.3E-4
-9.50593	-5E-5
-9.49493	-2E-5
-9.48393	-1E-5
-9.47293	0
-9.46293	0
-9.45193	0
-9.44093	0
-9.42993	0
-9.41993	0
-9.40893	0
-9.39793	0
-9.38693	0
-9.37593	0
-9.36593	0
-9.35493	0
-9.34393	0
-9.33293	0
-9.32193	0
-9.31193	0
-9.30093	0
-9.28993	0
-9.27893	0
-9.26793	0
-9.25793	0
-9.24693	0
-9.23593	0
-9.22493	0
-9.21493	0
-9.20393	0
-9.19293	0
-9.18193	0
-9.17093	0
-9.16093	0
-9.14993	0
-9.13893	0
-9.12793	0
-9.11693	0
-9.10693	0
-9.09593	0
-9.08493	0
-9.07393	0
-9.06293	0
-9.05293	0
-9.04193	0
-9.03093	0
-9.01993	0
-9.00993	0
-8.99893	-1E-5
-8.98793	-3E-5
-8.97693	-9E-5
-8.96593	-2.3E-4
-8.95593	-5.2E-4
-8.94493	-0.00108
-8.93393	-0.00206
-8.92293	-0.00355
-8.91193	-0.0056
-8.90193	-0.00804
-8.89093	-0.01053
-8.87993	-0.01257
-8.86893	-0.01368
-8.85793	-0.01358
-8.84793	-0.01229
-8.83693	-0.01015
-8.82593	-0.00766
-8.81493	-0.00532
-8.80493	-0.00348
-8.79393	-0.00232
-8.78293	-0.00188
-8.77193	-0.00212
-8.76093	-0.00296
-8.75093	-0.00425
-8.73993	-0.00579
-8.72893	-0.00726
-8.71793	-0.00832
-8.70693	-0.0087
-8.69693	-0.0083
-8.68593	-0.00722
-8.67493	-0.00572
-8.66393	-0.00413
-8.65293	-0.00272
-8.64293	-0.00164
-8.63193	-9E-4
-8.62093	-4.5E-4
-8.60993	-2E-4
-8.59993	-8E-5
-8.58893	-3E-5
-8.57793	-1E-5
-8.56693	0
-8.55593	0
-8.54593	0
-8.53493	0
-8.52393	0
-8.51293	0
-8.50193	-1E-5
-8.49193	-5E-5
-8.48093	-1.4E-4
-8.46993	-3.9E-4
-8.45893	-9.9E-4
-8.44793	-0.00227
-8.43793	-0.00483
-8.42693	-0.00942
-8.41593	-0.0169
-8.40493	-0.02789
-8.39493	-0.04232
-8.38393	-0.05903
-8.37293	-0.07564
-8.36193	-0.08902
-8.35093	-0.09614
-8.34093	-0.09524
-8.32993	-0.0865
-8.31893	-0.07205
-8.30793	-0.05521
-8.29693	-0.03966
-8.28693	-0.02898
-8.27593	-0.02739
-8.26493	-0.04177
-8.25393	-0.08448
-8.24393	-0.17558
-8.23293	-0.34198
-8.22193	-0.61095
-8.21093	-0.99632
-8.19993	-1.48166
-8.18993	-2.0092
-8.17893	-2.48384
-8.16793	-2.80041
-8.15693	-2.8787
-8.14593	-2.69939
-8.13593	-2.31023
-8.12493	-1.80689
-8.11393	-1.29648
-8.10293	-0.86032
-8.09193	-0.53858
-8.08193	-0.33153
-8.07093	-0.21489
-8.05993	-0.15645
-8.04893	-0.12803
-8.03893	-0.11049
-8.02793	-0.09402
-8.01693	-0.07574
-8.00593	-0.05665
-7.99493	-0.03901
-7.98493	-0.02463
-7.97393	-0.01426
-7.96293	-0.00763
-7.95193	-0.00406
-7.94093	-0.00314
-7.93093	-0.00568
-7.91993	-0.0153
-7.90893	-0.04121
-7.89793	-0.10253
-7.88693	-0.23313
-7.87693	-0.48366
-7.86593	-0.9154
-7.85493	-1.58004
-7.84393	-2.48841
-7.83393	-3.57337
-7.82293	-4.67975
-7.81193	-5.58917
-7.80093	-6.08753
-7.78993	-6.0459
-7.77993	-5.47515
-7.76893	-4.52173
-7.75793	-3.40474
-7.74693	-2.33764
-7.73593	-1.46365
-7.72593	-0.8355
-7.71493	-0.43489
-7.70393	-0.20639
-7.69293	-0.08931
-7.68193	-0.03524
-7.67193	-0.01268
-7.66093	-0.00416
-7.64993	-0.00124
-7.63893	-3.4E-4
-7.62893	-8E-5
-7.61793	-2E-5
-7.60693	0
-7.59593	0
-7.58493	0
-7.57493	-1E-5
-7.56393	-3E-5
-7.55293	-8E-5
-7.54193	-1.8E-4
-7.53093	-3.6E-4
-7.52093	-6.6E-4
-7.50993	-0.00109
-7.49893	-0.00166
-7.48793	-0.00229
-7.47693	-0.00288
-7.46693	-0.00332
-7.45593	-0.0035
-7.44493	-0.0034
-7.43393	-0.00312
-7.42393	-0.00284
-7.41293	-0.00281
-7.40193	-0.00329
-7.39093	-0.00444
-7.37993	-0.00631
-7.36993	-0.00871
-7.35893	-0.01124
-7.34793	-0.01335
-7.33693	-0.01453
-7.32593	-0.01444
-7.31593	-0.0131
-7.30493	-0.01086
-7.29393	-0.00821
-7.28293	-0.00567
-7.27193	-0.00358
-7.26193	-0.0021
-7.25093	-0.00128
-7.23993	-0.00127
-7.22893	-0.00275
-7.21893	-0.00779
-7.20793	-0.02141
-7.19693	-0.05416
-7.18593	-0.12502
-7.17493	-0.26318
-7.16493	-0.5051
-7.15393	-0.88387
-7.14293	-1.41007
-7.13193	-2.05111
-7.12093	-2.72018
-7.11093	-3.28914
-7.09993	-3.62636
-7.08893	-3.64547
-7.07793	-3.34235
-7.06693	-2.79494
-7.05693	-2.1332
-7.04593	-1.48778
-7.03493	-0.95148
-7.02393	-0.56394
-7.01393	-0.31996
-7.00293	-0.18979
-6.99193	-0.13774
-6.98093	-0.13273
-6.96993	-0.15094
-6.95993	-0.17477
-6.94893	-0.1917
-6.93793	-0.1942
-6.92693	-0.18027
-6.91593	-0.1529
-6.90593	-0.11839
-6.89493	-0.08366
-6.88393	-0.05395
-6.87293	-0.03175
-6.86193	-0.01704
-6.85193	-0.00835
-6.84093	-0.00373
-6.82993	-0.00152
-6.81893	-5.7E-4
-6.80893	-1.9E-4
-6.79793	-6E-5
-6.78693	-2E-5
-6.77593	0
-6.76493	0
-6.75493	0
-6.74393	0
-6.73293	0
-6.72193	0
-6.71093	0
-6.70093	-1E-5
-6.68993	-3E-5
-6.67893	-6E-5
-6.66793	-1.2E-4
-6.65693	-2.3E-4
-6.64693	-3.9E-4
-6.63593	-6E-4
-6.62493	-8.5E-4
-6.61393	-0.00109
-6.60393	-0.00129
-6.59293	-0.00138
-6.58193	-0.00135
-6.57093	-0.0012
-6.55993	-9.8E-4
-6.54993	-7.2E-4
-6.53893	-4.9E-4
-6.52793	-3E-4
-6.51693	-1.7E-4
-6.50593	-1.1E-4
-6.49593	-1E-4
-6.48493	-1.8E-4
-6.47393	-4.3E-4
-6.46293	-0.00101
-6.45193	-0.00218
-6.44193	-0.00437
-6.43093	-0.00816
-6.41993	-0.01451
-6.40893	-0.02521
-6.39893	-0.04401
-6.38793	-0.07839
-6.37693	-0.14151
-6.36593	-0.25267
-6.35493	-0.43398
-6.34493	-0.70141
-6.33393	-1.05211
-6.32293	-1.45325
-6.31193	-1.84017
-6.30093	-2.1314
-6.29093	-2.25589
-6.27993	-2.18104
-6.26893	-1.92687
-6.25793	-1.55732
-6.24693	-1.15617
-6.23693	-0.79574
-6.22593	-0.5194
-6.21493	-0.337
-6.20393	-0.23401
-6.19393	-0.18549
-6.18293	-0.16773
-6.17193	-0.16556
-6.16093	-0.17402
-6.14993	-0.19602
-6.13993	-0.23742
-6.12893	-0.30114
-6.11793	-0.38284
-6.10693	-0.46976
-6.09593	-0.54373
-6.08593	-0.58772
-6.07493	-0.59243
-6.06393	-0.56121
-6.05293	-0.51207
-6.04193	-0.47663
-6.03193	-0.49776
-6.02093	-0.62643
-6.00993	-0.91544
-5.99893	-1.40591
-5.98893	-2.10803
-5.97793	-2.98048
-5.96693	-3.92216
-5.95593	-4.78938
-5.94493	-5.42974
-5.93493	-5.73202
-5.92393	-5.65764
-5.91293	-5.24928
-5.90193	-4.60732
-5.89093	-3.86312
-5.88093	-3.14479
-5.86993	-2.55519
-5.85893	-2.15676
-5.84793	-1.9689
-5.83693	-1.97121
-5.82693	-2.11489
-5.81593	-2.33669
-5.80493	-2.56692
-5.79393	-2.74029
-5.78393	-2.80407
-5.77293	-2.72876
-5.76193	-2.51684
-5.75093	-2.20336
-5.73993	-1.84353
-5.72993	-1.49394
-5.71893	-1.19662
-5.70793	-0.97265
-5.69693	-0.82372
-5.68593	-0.73881
-5.67593	-0.70054
-5.66493	-0.6898
-5.65393	-0.68917
-5.64293	-0.68601
-5.63193	-0.67434
-5.62193	-0.6547
-5.61093	-0.63258
-5.59993	-0.61614
-5.58893	-0.61389
-5.57893	-0.63294
-5.56793	-0.67644
-5.55693	-0.74159
-5.54593	-0.81874
-5.53493	-0.89412
-5.52493	-0.95492
-5.51393	-0.99467
-5.50293	-1.01546
-5.49193	-1.02527
-5.48093	-1.03233
-5.47093	-1.03942
-5.45993	-1.04288
-5.44893	-1.03486
-5.43793	-1.00825
-5.42693	-0.95998
-5.41693	-0.89177
-5.40593	-0.81001
-5.39493	-0.72562
-5.38393	-0.65446
-5.37393	-0.61682
-5.36293	-0.63409
-5.35193	-0.7213
-5.34093	-0.8782
-5.32993	-1.08275
-5.31993	-1.29239
-5.30893	-1.45529
-5.29793	-1.52873
-5.28693	-1.49564
-5.27593	-1.3709
-5.26593	-1.19344
-5.25493	-1.00888
-5.24393	-0.85172
-5.23293	-0.73608
-5.22193	-0.65692
-5.21193	-0.59924
-5.20093	-0.54862
-5.18993	-0.49781
-5.17893	-0.44739
-5.16893	-0.40201
-5.15793	-0.36501
-5.14693	-0.33585
-5.13593	-0.31061
-5.12493	-0.28458
-5.11493	-0.25561
-5.10393	-0.2251
-5.09293	-0.19688
-5.08193	-0.17484
-5.07093	-0.16059
-5.06093	-0.15268
-5.04993	-0.14753
-5.03893	-0.14133
-5.02793	-0.13186
-5.01693	-0.11953
-5.00693	-0.1072
-4.99593	-0.09916
-4.98493	-0.0998
-4.97393	-0.11243
-4.96393	-0.13864
-4.95293	-0.17792
-4.94193	-0.22778
-4.93093	-0.2842
-4.91993	-0.34257
-4.90993	-0.40005
-4.89893	-0.45838
-4.88793	-0.52673
-4.87693	-0.62247
-4.86593	-0.76751
-4.85593	-0.9804
-4.84493	-1.26539
-4.83393	-1.60403
-4.82293	-1.95492
-4.81293	-2.26068
-4.80193	-2.46662
-4.79093	-2.53812
-4.77993	-2.47502
-4.76893	-2.31213
-4.75893	-2.10707
-4.74793	-1.91738
-4.73693	-1.7824
-4.72593	-1.71075
-4.71493	-1.68257
-4.70493	-1.66525
-4.69393	-1.62631
-4.68293	-1.54572
-4.67193	-1.41711
-4.66093	-1.24688
-4.65093	-1.04922
-4.63993	-0.84277
-4.62893	-0.64679
-4.61793	-0.47814
-4.60793	-0.34828
-4.59693	-0.262
-4.58593	-0.21776
-4.57493	-0.20935
-4.56393	-0.22758
-4.55393	-0.26199
-4.54293	-0.30189
-4.53193	-0.3372
-4.52093	-0.35977
-4.50993	-0.36461
-4.49993	-0.3506
-4.48893	-0.32069
-4.47793	-0.28037
-4.46693	-0.23609
-4.45593	-0.19327
-4.44593	-0.15542
-4.43493	-0.12406
-4.42393	-0.09928
-4.41293	-0.08075
-4.40293	-0.06849
-4.39193	-0.06349
-4.38093	-0.06755
-4.36993	-0.0826
-4.35893	-0.1095
-4.34893	-0.14679
-4.33793	-0.19017
-4.32693	-0.23296
-4.31593	-0.26786
-4.30493	-0.2893
-4.29493	-0.29549
-4.28393	-0.28905
-4.27293	-0.27625
-4.26193	-0.26456
-4.25093	-0.2603
-4.24093	-0.26659
-4.22993	-0.28259
-4.21893	-0.30415
-4.20793	-0.32546
-4.19793	-0.34097
-4.18693	-0.34724
-4.17593	-0.34398
-4.16493	-0.33397
-4.15393	-0.32242
-4.14393	-0.31551
-4.13293	-0.31915
-4.12193	-0.3378
-4.11093	-0.37436
-4.09993	-0.43086
-4.08993	-0.50911
-4.07893	-0.61028
-4.06793	-0.73216
-4.05693	-0.86539
-4.04593	-0.99122
-4.03593	-1.08393
-4.02493	-1.1194
-4.01393	-1.0849
-4.00293	-0.98642
-3.99293	-0.84739
-3.98193	-0.70061
-3.97093	-0.57691
-3.95993	-0.49583
-3.94893	-0.46301
-3.93893	-0.4717
-3.92793	-0.50794
-3.91693	-0.5558
-3.90593	-0.60153
-3.89493	-0.63646
-3.88493	-0.6587
-3.87393	-0.67314
-3.86293	-0.69009
-3.85193	-0.72161
-3.84093	-0.77698
-3.83093	-0.85838
-3.81993	-0.95946
-3.80893	-1.0671
-3.79793	-1.16701
-3.78793	-1.24994
-3.77693	-1.31551
-3.76593	-1.37077
-3.75493	-1.42463
-3.74393	-1.47984
-3.73393	-1.52792
-3.72293	-1.55092
-3.71193	-1.52992
-3.70093	-1.45676
-3.68993	-1.34163
-3.67993	-1.21219
-3.66893	-1.10352
-3.65793	-1.04334
-3.64693	-1.04109
-3.63593	-1.08534
-3.62593	-1.1508
-3.61493	-1.21155
-3.60393	-1.25226
-3.59293	-1.27249
-3.58293	-1.28202
-3.57193	-1.29151
-3.56093	-1.3046
-3.54993	-1.31615
-3.53893	-1.31726
-3.52893	-1.30272
-3.51793	-1.27557
-3.50693	-1.24581
-3.49593	-1.22378
-3.48493	-1.21317
-3.47493	-1.20855
-3.46393	-1.19951
-3.45293	-1.1782
-3.44193	-1.14693
-3.43093	-1.1214
-3.42093	-1.12836
-3.40993	-1.20164
-3.39893	-1.37627
-3.38793	-1.68367
-3.37793	-2.1446
-3.36693	-2.75926
-3.35593	-3.49613
-3.34493	-4.2871
-3.33393	-5.02943
-3.32393	-5.61199
-3.31293	-5.94458
-3.30193	-5.99357
-3.29093	-5.79899
-3.27993	-5.46309
-3.26993	-5.11779
-3.25893	-4.87774
-3.24793	-4.80856
-3.23693	-4.91786
-3.22593	-5.16407
-3.21593	-5.47964
-3.20493	-5.79062
-3.19393	-6.02803
-3.18293	-6.13581
-3.17293	-6.07737
-3.16193	-5.84792
-3.15093	-5.47375
-3.13993	-5.00992
-3.12893	-4.52227
-3.11893	-4.06851
-3.10793	-3.68314
-3.09693	-3.37183
-3.08593	-3.12017
-3.07493	-2.90258
-3.06493	-2.69893
-3.05393	-2.50198
-3.04293	-2.3203
-3.03193	-2.17318
-3.02093	-2.07914
-3.01093	-2.04626
-2.99993	-2.06877
-2.98893	-2.12948
-2.97793	-2.20658
-2.96793	-2.27859
-2.95693	-2.32671
-2.94593	-2.33737
-2.93493	-2.29909
-2.92393	-2.20514
-2.91393	-2.05685
-2.90293	-1.86372
-2.89193	-1.64644
-2.88093	-1.43231
-2.86993	-1.24843
-2.85993	-1.11483
-2.84893	-1.03896
-2.83793	-1.01493
-2.82693	-1.02633
-2.81593	-1.05278
-2.80593	-1.07646
-2.79493	-1.08689
-2.78393	-1.08279
-2.77293	-1.06976
-2.76293	-1.05631
-2.75193	-1.05012
-2.74093	-1.05553
-2.72993	-1.07324
-2.71893	-1.10144
-2.70893	-1.13722
-2.69793	-1.17796
-2.68693	-1.22122
-2.67593	-1.26389
-2.66493	-1.30076
-2.65493	-1.32504
-2.64393	-1.33131
-2.63293	-1.31898
-2.62193	-1.29418
-2.61093	-1.26778
-2.60093	-1.25055
-2.58993	-1.24862
-2.57893	-1.26139
-2.56793	-1.28296
-2.55793	-1.30453
-2.54693	-1.31643
-2.53593	-1.30966
-2.52493	-1.27716
-2.51393	-1.21631
-2.50393	-1.1314
-2.49293	-1.03477
-2.48193	-0.945
-2.47093	-0.88121
-2.45993	-0.85669
-2.44993	-0.87344
-2.43893	-0.92142
-2.42793	-0.98234
-2.41693	-1.03624
-2.40593	-1.06764
-2.39593	-1.06836
-2.38493	-1.03651
-2.37393	-0.97356
-2.36293	-0.8823
-2.35293	-0.76684
-2.34193	-0.63431
-2.33093	-0.49521
-2.31993	-0.36228
-2.30893	-0.24695
-2.29893	-0.15633
-2.28793	-0.09191
-2.27693	-0.0506
-2.26593	-0.02677
-2.25493	-0.0145
-2.24493	-0.00894
-2.23393	-0.00673
-2.22293	-0.00589
-2.21193	-0.00538
-2.20093	-0.00478
-2.19093	-0.00402
-2.17993	-0.00315
-2.16893	-0.0023
-2.15793	-0.00155
-2.14793	-9.7E-4
-2.13693	-5.6E-4
-2.12593	-3E-4
-2.11493	-1.7E-4
-2.10393	-1.2E-4
-2.09393	-1.6E-4
-2.08293	-2.9E-4
-2.07193	-5.3E-4
-2.06093	-9.1E-4
-2.04993	-0.00143
-2.03993	-0.00208
-2.02893	-0.00283
-2.01793	-0.00366
-2.00693	-0.00466
-1.99593	-0.00602
-1.98593	-0.0081
-1.97493	-0.01125
-1.96393	-0.01571
-1.95293	-0.02134
-1.94293	-0.02758
-1.93193	-0.0335
-1.92093	-0.03798
-1.90993	-0.04011
-1.89893	-0.03943
-1.88893	-0.03612
-1.87793	-0.03091
-1.86693	-0.02489
-1.85593	-0.01914
-1.84493	-0.01451
-1.83493	-0.01136
-1.82393	-0.00961
-1.81293	-0.00882
-1.80193	-0.00842
-1.79093	-0.00792
-1.78093	-0.00707
-1.76993	-0.00586
-1.75893	-0.00447
-1.74793	-0.00312
-1.73793	-0.00199
-1.72693	-0.00116
-1.71593	-6.1E-4
-1.70493	-3E-4
-1.69393	-1.3E-4
-1.68393	-5E-5
-1.67293	-2E-5
-1.66193	-1E-5
-1.65093	0
-1.63993	0
-1.62993	0
-1.61893	0
-1.60793	-1E-5
-1.59693	-5E-5
-1.58593	-1.9E-4
-1.57593	-7.3E-4
-1.56493	-0.00249
-1.55393	-0.00781
-1.54293	-0.02228
-1.53293	-0.05799
-1.52193	-0.13761
-1.51093	-0.29782
-1.49993	-0.5877
-1.48893	-1.05762
-1.47893	-1.73607
-1.46793	-2.59952
-1.45693	-3.55144
-1.44593	-4.42852
-1.43493	-5.0425
-1.42493	-5.24532
-1.41393	-4.98892
-1.40293	-4.3429
-1.39193	-3.46494
-1.38193	-2.53835
-1.37093	-1.71119
-1.35993	-1.06472
-1.34893	-0.61349
-1.33793	-0.32877
-1.32793	-0.16493
-1.31693	-0.07865
-1.30593	-0.03737
-1.29493	-0.02017
-1.28393	-0.01495
-1.27393	-0.01515
-1.26293	-0.01719
-1.25193	-0.01907
-1.24093	-0.01969
-1.22993	-0.01864
-1.21993	-0.01612
-1.20893	-0.01272
-1.19793	-0.00917
-1.18693	-0.00602
-1.17693	-0.00361
-1.16593	-0.00197
-1.15493	-9.8E-4
-1.14393	-4.5E-4
-1.13293	-1.9E-4
-1.12293	-7E-5
-1.11193	-2E-5
-1.10093	-1E-5
-1.08993	0
-1.07893	0
-1.06893	-1E-5
-1.05793	-4E-5
-1.04693	-9E-5
-1.03593	-2.3E-4
-1.02493	-4.9E-4
-1.01493	-9.9E-4
-1.00393	-0.00181
-0.99293	-0.00302
-0.98193	-0.00459
-0.97193	-0.00636
-0.96093	-0.00804
-0.94993	-0.00927
-0.93893	-0.00974
-0.92793	-0.00934
-0.91793	-0.00817
-0.90693	-0.00652
-0.89593	-0.00474
-0.88493	-0.00315
-0.87393	-0.00191
-0.86393	-0.00107
-0.85293	-6.1E-4
-0.84193	-5.7E-4
-0.83093	-0.00129
-0.81993	-0.00398
-0.80993	-0.01197
-0.79893	-0.03307
-0.78793	-0.08342
-0.77693	-0.19185
-0.76693	-0.40233
-0.75593	-0.76937
-0.74493	-1.34141
-0.73393	-2.1326
-0.72293	-3.09144
-0.71293	-4.08624
-0.70193	-4.92461
-0.69093	-5.41145
-0.67993	-5.42244
-0.66893	-4.95399
-0.65893	-4.12664
-0.64793	-3.13455
-0.63693	-2.17085
-0.62593	-1.37083
-0.61493	-0.78927
-0.60493	-0.41433
-0.59393	-0.19831
-0.58293	-0.08655
-0.57193	-0.03444
-0.56193	-0.01249
-0.55093	-0.00413
-0.53993	-0.00125
-0.52893	-3.5E-4
-0.51793	-1.1E-4
-0.50793	-7E-5
-0.49693	-9E-5
-0.48593	-1.3E-4
-0.47493	-1.9E-4
-0.46393	-2.5E-4
-0.45393	-3E-4
-0.44293	-3.2E-4
-0.43193	-3.2E-4
-0.42093	-2.9E-4
-0.40993	-2.4E-4
-0.39993	-1.8E-4
-0.38893	-1.3E-4
-0.37793	-8E-5
-0.36693	-5E-5
-0.35693	-2E-5
-0.34593	-1E-5
-0.33493	-1E-5
-0.32393	0
-0.31293	0
-0.30293	0
-0.29193	-1E-5
-0.28093	-2E-5
-0.26993	-5E-5
-0.25893	-1.1E-4
-0.24893	-2.1E-4
-0.23793	-3.8E-4
-0.22693	-6.1E-4
-0.21593	-9.1E-4
-0.20493	-0.00123
-0.19493	-0.00153
-0.18393	-0.00175
-0.17293	-0.00185
-0.16193	-0.00181
-0.15193	-0.00165
-0.14093	-0.00142
-0.12993	-0.00117
-0.11893	-9.4E-4
-0.10793	-7.6E-4
-0.09793	-6.3E-4
-0.08693	-5.8E-4
-0.07593	-6.3E-4
-0.06493	-8.3E-4
-0.05393	-0.00118
-0.04393	-0.00169
-0.03293	-0.00228
-0.02193	-0.00285
-0.01093	-0.00327
7E-5	-0.00343
0.01007	-0.00328
0.02107	-0.00286
0.03207	-0.00228
0.04307	-0.00165
0.05307	-0.00109
0.06407	-6.6E-4
0.07507	-3.6E-4
0.08607	-1.8E-4
0.09707	-8E-5
0.10707	-3E-5
0.11807	-1E-5
0.12907	0
0.14007	0
0.15107	0
0.16107	0
0.17207	-1E-5
0.18307	-4E-5
0.19407	-1.1E-4
0.20507	-3E-4
0.21507	-8.2E-4
0.22607	-0.00219
0.23707	-0.00574
0.24807	-0.01458
0.25807	-0.03545
0.26907	-0.08159
0.28007	-0.17579
0.29107	-0.35182
0.30207	-0.6504
0.31207	-1.10607
0.32307	-1.72584
0.33407	-2.46671
0.34507	-3.22484
0.35607	-3.85398
0.36607	-4.20774
0.37707	-4.19567
0.38807	-3.82108
0.39907	-3.17781
0.41007	-2.41446
0.42007	-1.67663
0.43107	-1.06495
0.44207	-0.61949
0.45307	-0.33072
0.46307	-0.16264
0.47407	-0.07419
0.48507	-0.03184
0.49607	-0.01328
0.50707	-0.00577
0.51707	-0.00291
0.52807	-0.00183
0.53907	-0.00135
0.55007	-0.00104
0.56107	-7.8E-4
0.57107	-5.4E-4
0.58207	-3.5E-4
0.59307	-2.1E-4
0.60407	-1.1E-4
0.61507	-6E-5
0.62507	-2E-5
0.63607	-1E-5
0.64707	0
0.65807	0
0.66807	0
0.67907	0
0.69007	-1E-5
0.70107	-1E-5
0.71207	-2E-5
0.72207	-2E-5
0.73307	-3E-5
0.74407	-6E-5
0.75507	-1.3E-4
0.76607	-3E-4
0.77607	-6.6E-4
0.78707	-0.0014
0.79807	-0.00274
0.80907	-0.00494
0.82007	-0.00819
0.83007	-0.01244
0.84107	-0.01734
0.85207	-0.02219
0.86307	-0.02603
0.87307	-0.02801
0.88407	-0.02763
0.89507	-0.02498
0.90607	-0.0207
0.91707	-0.01571
0.92707	-0.01092
0.93807	-0.00695
0.94907	-0.00404
0.96007	-0.00215
0.97107	-0.00105
0.98107	-4.7E-4
0.99207	-1.9E-4
1.00307	-7E-5
1.01407	-3E-5
1.02507	-2E-5
1.03507	-3E-5
1.04607	-6E-5
1.05707	-1.1E-4
1.06807	-2.2E-4
1.07807	-4.6E-4
1.08907	-0.0011
1.10007	-0.00296
1.11107	-0.00825
1.12207	-0.02221
1.13207	-0.05588
1.14307	-0.12943
1.15407	-0.27441
1.16507	-0.53138
1.17607	-0.93917
1.18607	-1.51489
1.19707	-2.23175
1.20807	-3.00716
1.21907	-3.71688
1.23007	-4.23723
1.24007	-4.50289
1.25107	-4.53903
1.26207	-4.45727
1.27307	-4.39391
1.28307	-4.43737
1.29407	-4.57649
1.30507	-4.70478
1.31607	-4.6804
1.32707	-4.40377
1.33707	-3.87269
1.34807	-3.18716
1.35907	-2.50879
1.37007	-2.00109
1.38107	-1.77825
1.39107	-1.87555
1.40207	-2.24283
1.41307	-2.75716
1.42407	-3.25333
1.43507	-3.57155
1.44507	-3.60744
1.45607	-3.34589
1.46707	-2.86191
1.47807	-2.28474
1.48807	-1.74726
1.49907	-1.34358
1.51007	-1.11511
1.52107	-1.0684
1.53207	-1.20711
1.54207	-1.55897
1.55307	-2.17827
1.56407	-3.11267
1.57507	-4.34827
1.58607	-5.75895
1.59607	-7.1002
1.60707	-8.06785
1.61807	-8.40512
1.62907	-8.00813
1.64007	-6.96904
1.65007	-5.53736
1.66107	-4.01849
1.67207	-2.66513
1.68307	-1.61744
1.69307	-0.90042
1.70407	-0.46144
1.71507	-0.21907
1.72607	-0.09738
1.73707	-0.04137
1.74707	-0.01753
1.75807	-0.00807
1.76907	-0.00451
1.78007	-0.00316
1.79107	-0.00251
1.80107	-0.00203
1.81207	-0.00156
1.82307	-0.00111
1.83407	-7.3E-4
1.84507	-4.4E-4
1.85507	-2.4E-4
1.86607	-1.2E-4
1.87707	-5E-5
1.88807	-2E-5
1.89807	-1E-5
1.90907	0
1.92007	0
1.93107	-1E-5
1.94207	-2E-5
1.95207	-6E-5
1.96307	-1.3E-4
1.97407	-2.9E-4
1.98507	-6E-4
1.99607	-0.00119
2.00607	-0.00223
2.01707	-0.00396
2.02807	-0.00665
2.03907	-0.01052
2.04907	-0.01571
2.06007	-0.02217
2.07107	-0.02968
2.08207	-0.03793
2.09307	-0.04653
2.10307	-0.05507
2.11407	-0.063
2.12507	-0.06953
2.13607	-0.07365
2.14707	-0.07431
2.15707	-0.07084
2.16807	-0.06337
2.17907	-0.05296
2.19007	-0.04136
2.20107	-0.03063
2.21107	-0.0225
2.22207	-0.01816
2.23307	-0.01805
2.24407	-0.02188
2.25407	-0.0286
2.26507	-0.03655
2.27607	-0.04362
2.28707	-0.04786
2.29807	-0.04805
2.30807	-0.04409
2.31907	-0.03704
2.33007	-0.02863
2.34107	-0.02064
2.35207	-0.01432
2.36207	-0.0102
2.37307	-0.00815
2.38407	-0.00765
2.39507	-0.008
2.40607	-0.00854
2.41607	-0.0088
2.42707	-0.00862
2.43807	-0.00822
2.44907	-0.00832
2.45907	-0.01023
2.47007	-0.01588
2.48107	-0.02779
2.49207	-0.04856
2.50307	-0.07994
2.51307	-0.12132
2.52407	-0.16859
2.53507	-0.21404
2.54607	-0.24813
2.55707	-0.26268
2.56707	-0.25404
2.57807	-0.22488
2.58907	-0.18341
2.60007	-0.14143
2.61107	-0.11284
2.62107	-0.11565
2.63207	-0.17779
2.64307	-0.3456
2.65407	-0.68948
2.66407	-1.29914
2.67507	-2.2599
2.68607	-3.61027
2.69707	-5.29439
2.70807	-7.13685
2.71807	-8.86388
2.72907	-10.1826
2.74007	-10.87835
2.75107	-10.88997
2.76207	-10.30651
2.77207	-9.31055
2.78307	-8.08814
2.79407	-6.77906
2.80507	-5.46806
2.81607	-4.21346
2.82607	-3.07234
2.83707	-2.09915
2.84807	-1.33306
2.85907	-0.78198
2.86907	-0.42188
2.88007	-0.20879
2.89107	-0.0948
2.90207	-0.03996
2.91307	-0.01673
2.92307	-0.00905
2.93407	-0.00885
2.94507	-0.01256
2.95607	-0.01852
2.96707	-0.02559
2.97707	-0.03247
2.98807	-0.03786
2.99907	-0.04092
3.01007	-0.04178
3.02107	-0.04181
3.03107	-0.04328
3.04207	-0.04852
3.05307	-0.05885
3.06407	-0.07375
3.07407	-0.09065
3.08507	-0.10583
3.09607	-0.11598
3.10707	-0.12014
3.11807	-0.12086
3.12807	-0.12393
3.13907	-0.13657
3.15007	-0.16445
3.16107	-0.20916
3.17207	-0.26734
3.18207	-0.33351
3.19307	-0.40629
3.20407	-0.49618
3.21507	-0.63049
3.22607	-0.85105
3.23607	-1.20032
3.24707	-1.69889
3.25807	-2.3224
3.26907	-2.99161
3.27907	-3.58697
3.29007	-3.98905
3.30107	-4.12941
3.31207	-4.02382
3.32307	-3.76932
3.33307	-3.501
3.34407	-3.32806
3.35507	-3.28432
3.36607	-3.31825
3.37707	-3.32439
3.38707	-3.20196
3.39807	-2.90479
3.40907	-2.45658
3.42007	-1.93254
3.43107	-1.42201
3.44107	-0.9916
3.45207	-0.6699
3.46307	-0.45181
3.47407	-0.31378
3.48407	-0.22922
3.49507	-0.17746
3.50607	-0.14617
3.51707	-0.12978
3.52807	-0.12648
3.53807	-0.1357
3.54907	-0.15671
3.56007	-0.18821
3.57107	-0.22842
3.58207	-0.27536
3.59207	-0.32689
3.60307	-0.38097
3.61407	-0.43646
3.62507	-0.49376
3.63607	-0.55448
3.64607	-0.61939
3.65707	-0.68565
3.66807	-0.74437
3.67907	-0.78169
3.68907	-0.78334
3.70007	-0.74091
3.71107	-0.65703
3.72207	-0.54614
3.73307	-0.43036
3.74307	-0.33241
3.75407	-0.26875
3.76507	-0.24513
3.77607	-0.256
3.78707	-0.2869
3.79707	-0.31938
3.80807	-0.33686
3.81907	-0.32992
3.83007	-0.29866
3.84107	-0.25207
3.85107	-0.20395
3.86207	-0.16801
3.87307	-0.15374
3.88407	-0.1642
3.89407	-0.19534
3.90507	-0.2374
3.91607	-0.27755
3.92707	-0.30395
3.93807	-0.31019
3.94807	-0.2986
3.95907	-0.27988
3.97007	-0.26998
3.98107	-0.28392
3.99207	-0.32959
4.00207	-0.40347
4.01307	-0.4905
4.02407	-0.56872
4.03507	-0.61732
4.04607	-0.62537
4.05607	-0.59627
4.06707	-0.54646
4.07807	-0.49846
4.08907	-0.47136
4.09907	-0.47321
4.11007	-0.49868
4.12107	-0.53177
4.13207	-0.55331
4.14307	-0.54912
4.15307	-0.51562
4.16407	-0.4605
4.17507	-0.3981
4.18607	-0.34223
4.19707	-0.30022
4.20707	-0.27108
4.21807	-0.24807
4.22907	-0.22368
4.24007	-0.19408
4.25107	-0.16042
4.26107	-0.12778
4.27207	-0.10214
4.28307	-0.08751
4.29407	-0.08444
4.30407	-0.09
4.31507	-0.09907
4.32607	-0.10626
4.33707	-0.10794
4.34807	-0.10372
4.35807	-0.09696
4.36907	-0.09408
4.38007	-0.10296
4.39107	-0.13072
4.40207	-0.18156
4.41207	-0.25498
4.42307	-0.3453
4.43407	-0.4431
4.44507	-0.53786
4.45607	-0.62079
4.46607	-0.68601
4.47707	-0.7299
4.48807	-0.74926
4.49907	-0.74079
4.50907	-0.703
4.52007	-0.63916
4.53107	-0.55872
4.54207	-0.47552
4.55307	-0.40331
4.56307	-0.35074
4.57407	-0.31971
4.58507	-0.30633
4.59607	-0.30422
4.60707	-0.30772
4.61707	-0.31373
4.62807	-0.32256
4.63907	-0.33815
4.65007	-0.36873
4.66107	-0.42691
4.67107	-0.52788
4.68207	-0.68445
4.69307	-0.89953
4.70407	-1.15838
4.71407	-1.42517
4.72507	-1.64891
4.73607	-1.77762
4.74707	-1.78034
4.75807	-1.66191
4.76807	-1.46702
4.77907	-1.26875
4.79007	-1.14534
4.80107	-1.15601
4.81207	-1.32497
4.82207	-1.63596
4.83307	-2.03895
4.84407	-2.46421
4.85507	-2.83965
4.86607	-3.1048
4.87607	-3.22182
4.88707	-3.18103
4.89807	-3.00106
4.90907	-2.72619
4.91907	-2.41293
4.93007	-2.11413
4.94107	-1.8641
4.95207	-1.67318
4.96307	-1.53332
4.97307	-1.42709
4.98407	-1.33729
4.99507	-1.25079
5.00607	-1.15942
5.01707	-1.06114
5.02707	-0.96038
5.03807	-0.86698
5.04907	-0.79203
5.06007	-0.74369
5.07107	-0.72501
5.08107	-0.73456
5.09207	-0.76864
5.10307	-0.82234
5.11407	-0.8889
5.12407	-0.95958
5.13507	-1.02504
5.14607	-1.07809
5.15707	-1.11546
5.16807	-1.13659
5.17807	-1.14118
5.18907	-1.12795
5.20007	-1.09651
5.21107	-1.05063
5.22207	-0.99913
5.23207	-0.95236
5.24307	-0.91677
5.25407	-0.89195
5.26507	-0.87291
5.27507	-0.85539
5.28607	-0.84115
5.29707	-0.83802
5.30807	-0.85638
5.31907	-0.90408
5.32907	-0.98326
5.34007	-1.08897
5.35107	-1.20885
5.36207	-1.32211
5.37307	-1.4012
5.38307	-1.41772
5.39407	-1.35281
5.40507	-1.20754
5.41607	-1.00435
5.42707	-0.78032
5.43707	-0.57329
5.44807	-0.4094
5.45907	-0.29756
5.47007	-0.23203
5.48007	-0.19958
5.49107	-0.18705
5.50207	-0.18572
5.51307	-0.19195
5.52407	-0.20534
5.53407	-0.22637
5.54507	-0.2548
5.55607	-0.28906
5.56707	-0.32606
5.57807	-0.361
5.58807	-0.38769
5.59907	-0.39954
5.61007	-0.39212
5.62107	-0.36562
5.63207	-0.32581
5.64207	-0.28235
5.65307	-0.24509
5.66407	-0.22059
5.67507	-0.21054
5.68507	-0.21316
5.69607	-0.22608
5.70707	-0.24908
5.71807	-0.28458
5.72907	-0.33563
5.73907	-0.40304
5.75007	-0.48322
5.76107	-0.56815
5.77207	-0.64767
5.78307	-0.71226
5.79307	-0.75579
5.80407	-0.77654
5.81507	-0.777
5.82607	-0.76262
5.83707	-0.74086
5.84707	-0.71944
5.85807	-0.70622
5.86907	-0.70796
5.88007	-0.72917
5.89007	-0.77009
5.90107	-0.82493
5.91207	-0.88234
5.92307	-0.9283
5.93407	-0.95219
5.94407	-0.95119
5.95507	-0.93285
5.96607	-0.91161
5.97707	-0.90259
5.98807	-0.91495
5.99807	-0.94832
6.00907	-0.99427
6.02007	-1.04208
6.03107	-1.08607
6.04207	-1.13
6.05207	-1.18575
6.06307	-1.26698
6.07407	-1.37943
6.08507	-1.51434
6.09507	-1.64793
6.10607	-1.74848
6.11707	-1.78885
6.12807	-1.75816
6.13907	-1.66773
6.14907	-1.54804
6.16007	-1.44141
6.17107	-1.38835
6.18207	-1.4165
6.19307	-1.53306
6.20307	-1.72234
6.21407	-1.94979
6.22507	-2.17134
6.23607	-2.34879
6.24707	-2.46117
6.25707	-2.50931
6.26807	-2.51052
6.27907	-2.48965
6.29007	-2.46942
6.30007	-2.46548
6.31107	-2.48281
6.32207	-2.51134
6.33307	-2.5251
6.34407	-2.48642
6.35407	-2.36058
6.36507	-2.13283
6.37607	-1.81982
6.38707	-1.46705
6.39807	-1.13385
6.40807	-0.87477
6.41907	-0.72433
6.43007	-0.69205
6.44107	-0.76557
6.45207	-0.91733
6.46207	-1.1127
6.47307	-1.31651
6.48407	-1.49987
6.49507	-1.64599
6.50507	-1.75309
6.51607	-1.83319
6.52707	-1.90625
6.53807	-1.99192
6.54907	-2.10382
6.55907	-2.24488
6.57007	-2.40604
6.58107	-2.5666
6.59207	-2.69757
6.60307	-2.76766
6.61307	-2.75324
6.62407	-2.64959
6.63507	-2.47153
6.64607	-2.25005
6.65707	-2.02179
6.66707	-1.81855
6.67807	-1.66262
6.68907	-1.5659
6.70007	-1.53241
6.71007	-1.56071
6.72107	-1.6451
6.73207	-1.77654
6.74307	-1.94502
6.75407	-2.14295
6.76407	-2.36717
6.77507	-2.61612
6.78607	-2.88101
6.79707	-3.13795
6.80807	-3.34591
6.81807	-3.45757
6.82907	-3.43725
6.84007	-3.27713
6.85107	-3.00358
6.86207	-2.66469
6.87207	-2.31365
6.88307	-1.99076
6.89407	-1.71563
6.90507	-1.4902
6.91507	-1.30563
6.92607	-1.15128
6.93707	-1.01897
6.94807	-0.9047
6.95907	-0.80774
6.96907	-0.72856
6.98007	-0.66681
6.99107	-0.62101
7.00207	-0.58909
7.01307	-0.57014
7.02307	-0.56612
7.03407	-0.58152
7.04507	-0.62131
7.05607	-0.68701
7.06707	-0.77255
7.07707	-0.86239
7.08807	-0.93436
7.09907	-0.96726
7.11007	-0.95022
7.12007	-0.88859
7.13107	-0.80271
7.14207	-0.71914
7.15307	-0.6591
7.16407	-0.6305
7.17407	-0.6265
7.18507	-0.6313
7.19607	-0.62946
7.20707	-0.6133
7.21807	-0.58556
7.22807	-0.55689
7.23907	-0.53975
7.25007	-0.5425
7.26107	-0.56612
7.27207	-0.60487
7.28207	-0.64885
7.29307	-0.68787
7.30407	-0.71399
7.31507	-0.72277
7.32507	-0.71322
7.33607	-0.68775
7.34707	-0.65084
7.35807	-0.60798
7.36907	-0.56403
7.37907	-0.52165
7.39007	-0.48125
7.40107	-0.44159
7.41207	-0.40171
7.42307	-0.36287
7.43307	-0.3291
7.44407	-0.30628
7.45507	-0.3
7.46607	-0.31258
7.47707	-0.34195
7.48707	-0.38183
7.49807	-0.42393
7.50907	-0.46078
7.52007	-0.48796
7.53007	-0.50484
7.54107	-0.51329
7.55207	-0.51575
7.56307	-0.51375
7.57407	-0.50727
7.58407	-0.49513
7.59507	-0.47657
7.60607	-0.45182
7.61707	-0.42352
7.62807	-0.39615
7.63807	-0.37507
7.64907	-0.36435
7.66007	-0.36463
7.67107	-0.37183
7.68207	-0.37801
7.69207	-0.37391
7.70307	-0.35272
7.71407	-0.31289
7.72507	-0.25854
7.73507	-0.19781
7.74607	-0.13962
7.75707	-0.09069
7.76807	-0.05413
7.77907	-0.02965
7.78907	-0.01489
7.80007	-0.00686
7.81107	-0.00289
7.82207	-0.00112
7.83307	-3.9E-4
7.84307	-1.3E-4
7.85407	-4E-5
7.86507	-1E-5
7.87607	0
7.88707	0
7.89707	0
7.90807	0
7.91907	0
7.93007	0
7.94007	0
7.95107	0
7.96207	0
7.97307	0
7.98407	0
7.99407	0
8.00507	0
8.01607	0
8.02707	0
8.03807	0
8.04807	0
8.05907	0
8.07007	0
8.08107	0
8.09207	0
8.10207	0
8.11307	0
8.12407	0
8.13507	0
8.14507	0
8.15607	0
8.16707	0
8.17807	0
8.18907	0
8.19907	0
8.21007	0
8.22107	0
8.23207	0
8.24307	0
8.25307	0
8.26407	0
8.27507	0
8.28607	0
8.29707	0
8.30707	0
8.31807	0
8.32907	0
8.34007	0
8.35007	0
8.36107	0
8.37207	0
8.38307	0
8.39407	0
8.40407	0
8.41507	0
8.42607	0
8.43707	0
8.44807	0
8.45807	0
8.46907	0
8.48007	0
8.49107	0
8.50207	0
8.51207	0
8.52307	0
8.53407	0
8.54507	0
8.55507	0
8.56607	0
8.57707	0
8.58807	0
8.59907	0
8.60907	0
8.62007	0
8.63107	0
8.64207	0
8.65307	0
8.66307	0
8.67407	0
8.68507	0
8.69607	0
8.70607	0
8.71707	0
8.72807	0
8.73907	0
8.75007	0
8.76007	0
8.77107	0
8.78207	0
8.79307	0
8.80407	0
8.81407	0
8.82507	0
8.83607	0
8.84707	0
8.85807	0
8.86807	0
8.87907	0
8.89007	0
8.90107	0
8.91107	0
8.92207	0
8.93307	0
8.94407	0
8.95507	0
8.96507	0
8.97607	0
8.98707	0
8.99807	0
9.00907	0
9.01907	0
9.03007	0
9.04107	0
9.05207	0
9.06307	0
9.07307	0
9.08407	0
9.09507	0
9.10607	0
9.11607	0
9.12707	0
9.13807	0
9.14907	0
9.16007	0
9.17007	0
9.18107	0