#Energy	pz
-23.18693	0
-23.17593	0
-23.16493	0
-23.15393	0
-23.14393	0
-23.13293	0
-23.12193	0
-23.11093	0
-23.09993	0
-23.08993	0
-23.07893	0
-23.06793	0
-23.05693	0
-23.04593	0
-23.03593	0
-23.02493	0
-23.01393	0
-23.00293	0
-22.99193	0
-22.98193	0
-22.97093	0
-22.95993	0
-22.94893	0
-22.93893	0
-22.92793	0
-22.91693	0
-22.90593	0
-22.89493	0
-22.88493	0
-22.87393	0
-22.86293	0
-22.85193	0
-22.84093	0
-22.83093	0
-22.81993	0
-22.80893	0
-22.79793	0
-22.78693	0
-22.77693	0
-22.76593	0
-22.75493	0
-22.74393	0
-22.73393	0
-22.72293	0
-22.71193	0
-22.70093	0
-22.68993	0
-22.67993	0
-22.66893	0
-22.65793	0
-22.64693	0
-22.63593	0
-22.62593	0
-22.61493	0
-22.60393	0
-22.59293	0
-22.58193	0
-22.57193	0
-22.56093	0
-22.54993	0
-22.53893	0
-22.52893	0
-22.51793	0
-22.50693	0
-22.49593	0
-22.48493	0
-22.47493	0
-22.46393	0
-22.45293	0
-22.44193	0
-22.43093	0
-22.42093	0
-22.40993	0
-22.39893	0
-22.38793	0
-22.37693	0
-22.36693	0
-22.35593	0
-22.34493	0
-22.33393	0
-22.32393	0
-22.31293	0
-22.30193	0
-22.29093	0
-22.27993	0
-22.26993	0
-22.25893	0
-22.24793	0
-22.23693	0
-22.22593	0
-22.21593	0
-22.20493	0
-22.19393	0
-22.18293	0
-22.17193	0
-22.16193	0
-22.15093	0
-22.13993	0
-22.12893	0
-22.11893	0
-22.10793	0
-22.09693	0
-22.08593	0
-22.07493	0
-22.06493	0
-22.05393	0
-22.04293	0
-22.03193	0
-22.02093	0
-22.01093	0
-21.99993	0
-21.98893	0
-21.97793	0
-21.96693	0
-21.95693	0
-21.94593	0
-21.93493	0
-21.92393	0
-21.91393	0
-21.90293	0
-21.89193	0
-21.88093	0
-21.86993	0
-21.85993	0
-21.84893	0
-21.83793	0
-21.82693	0
-21.81593	0
-21.80593	0
-21.79493	0
-21.78393	1E-5
-21.77293	2E-5
-21.76293	3E-5
-21.75193	7E-5
-21.74093	1.3E-4
-21.72993	2.1E-4
-21.71893	3.2E-4
-21.70893	4.4E-4
-21.69793	5.5E-4
-21.68693	6.4E-4
-21.67593	6.7E-4
-21.66493	6.3E-4
-21.65493	5.5E-4
-21.64393	4.4E-4
-21.63293	3.2E-4
-21.62193	2.1E-4
-21.61093	1.3E-4
-21.60093	7E-5
-21.58993	3E-5
-21.57893	2E-5
-21.56793	1E-5
-21.55793	0
-21.54693	0
-21.53593	0
-21.52493	0
-21.51393	0
-21.50393	0
-21.49293	0
-21.48193	0
-21.47093	0
-21.45993	0
-21.44993	0
-21.43893	0
-21.42793	0
-21.41693	0
-21.40593	1E-5
-21.39593	2E-5
-21.38493	4E-5
-21.37393	8E-5
-21.36293	1.7E-4
-21.35293	2.9E-4
-21.34193	4.7E-4
-21.33093	7E-4
-21.31993	9.4E-4
-21.30893	0.00115
-21.29893	0.00129
-21.28793	0.00131
-21.27693	0.00122
-21.26593	0.00103
-21.25493	8E-4
-21.24493	5.6E-4
-21.23393	3.6E-4
-21.22293	2.1E-4
-21.21193	1.1E-4
-21.20093	6E-5
-21.19093	2E-5
-21.17993	1E-5
-21.16893	0
-21.15793	0
-21.14793	0
-21.13693	0
-21.12593	0
-21.11493	0
-21.10393	0
-21.09393	0
-21.08293	0
-21.07193	0
-21.06093	0
-21.04993	0
-21.03993	0
-21.02893	0
-21.01793	0
-21.00693	0
-20.99593	0
-20.98593	0
-20.97493	0
-20.96393	0
-20.95293	0
-20.94293	0
-20.93193	0
-20.92093	0
-20.90993	0
-20.89893	0
-20.88893	0
-20.87793	0
-20.86693	0
-20.85593	0
-20.84493	0
-20.83493	0
-20.82393	0
-20.81293	0
-20.80193	0
-20.79093	0
-20.78093	0
-20.76993	0
-20.75893	0
-20.74793	0
-20.73793	0
-20.72693	0
-20.71593	0
-20.70493	0
-20.69393	0
-20.68393	0
-20.67293	0
-20.66193	0
-20.65093	0
-20.63993	0
-20.62993	0
-20.61893	0
-20.60793	1E-5
-20.59693	2E-5
-20.58593	4E-5
-20.57593	8E-5
-20.56493	1.6E-4
-20.55393	2.6E-4
-20.54293	4.1E-4
-20.53293	5.8E-4
-20.52193	7.4E-4
-20.51093	8.7E-4
-20.49993	9.3E-4
-20.48893	9.1E-4
-20.47893	8.1E-4
-20.46793	6.5E-4
-20.45693	4.8E-4
-20.44593	3.3E-4
-20.43493	2E-4
-20.42493	1.1E-4
-20.41393	6E-5
-20.40293	3E-5
-20.39193	1E-5
-20.38093	0
-20.37093	0
-20.35993	0
-20.34893	0
-20.33793	0
-20.32793	0
-20.31693	0
-20.30593	0
-20.29493	0
-20.28393	0
-20.27393	0
-20.26293	0
-20.25193	0
-20.24093	0
-20.22993	1E-5
-20.21993	1E-5
-20.20893	3E-5
-20.19793	4E-5
-20.18693	6E-5
-20.17593	9E-5
-20.16593	1.1E-4
-20.15493	1.3E-4
-20.14393	1.3E-4
-20.13293	1.3E-4
-20.12293	1.1E-4
-20.11193	9E-5
-20.10093	6E-5
-20.08993	4E-5
-20.07893	3E-5
-20.06893	1E-5
-20.05793	1E-5
-20.04693	0
-20.03593	0
-20.02493	0
-20.01493	0
-20.00393	0
-19.99293	0
-19.98193	0
-19.97093	0
-19.96093	0
-19.94993	0
-19.93893	0
-19.92793	0
-19.91793	0
-19.90693	0
-19.89593	0
-19.88493	0
-19.87393	0
-19.86393	0
-19.85293	0
-19.84193	0
-19.83093	0
-19.81993	0
-19.80993	0
-19.79893	0
-19.78793	0
-19.77693	0
-19.76593	0
-19.75593	0
-19.74493	0
-19.73393	0
-19.72293	0
-19.71293	0
-19.70193	0
-19.69093	0
-19.67993	0
-19.66893	0
-19.65893	0
-19.64793	0
-19.63693	0
-19.62593	0
-19.61493	0
-19.60493	0
-19.59393	0
-19.58293	0
-19.57193	0
-19.56093	0
-19.55093	0
-19.53993	0
-19.52893	0
-19.51793	0
-19.50793	0
-19.49693	0
-19.48593	0
-19.47493	0
-19.46393	0
-19.45393	0
-19.44293	0
-19.43193	0
-19.42093	0
-19.40993	0
-19.39993	0
-19.38893	0
-19.37793	0
-19.36693	0
-19.35593	0
-19.34593	0
-19.33493	0
-19.32393	0
-19.31293	0
-19.30293	0
-19.29193	0
-19.28093	0
-19.26993	0
-19.25893	0
-19.24893	0
-19.23793	0
-19.22693	0
-19.21593	0
-19.20493	0
-19.19493	0
-19.18393	0
-19.17293	0
-19.16193	0
-19.15093	0
-19.14093	0
-19.12993	1E-5
-19.11893	2E-5
-19.10793	5E-5
-19.09793	9E-5
-19.08693	1.6E-4
-19.07593	2.5E-4
-19.06493	3.7E-4
-19.05393	4.9E-4
-19.04393	5.9E-4
-19.03293	6.6E-4
-19.02193	6.6E-4
-19.01093	6.1E-4
-18.99993	5.1E-4
-18.98993	3.9E-4
-18.97893	2.7E-4
-18.96793	1.7E-4
-18.95693	1E-4
-18.94593	5E-5
-18.93593	3E-5
-18.92493	2E-5
-18.91393	1E-5
-18.90293	1E-5
-18.89293	1E-5
-18.88193	1E-5
-18.87093	1E-5
-18.85993	1E-5
-18.84893	1E-5
-18.83893	1E-5
-18.82793	1E-5
-18.81693	1E-5
-18.80593	2E-5
-18.79493	2E-5
-18.78493	3E-5
-18.77393	5E-5
-18.76293	6E-5
-18.75193	6E-5
-18.74093	7E-5
-18.73093	7E-5
-18.71993	6E-5
-18.70893	5E-5
-18.69793	4E-5
-18.68793	4E-5
-18.67693	5E-5
-18.66593	6E-5
-18.65493	7E-5
-18.64393	8E-5
-18.63393	9E-5
-18.62293	8E-5
-18.61193	8E-5
-18.60093	6E-5
-18.58993	5E-5
-18.57993	3E-5
-18.56893	2E-5
-18.55793	1E-5
-18.54693	1E-5
-18.53693	0
-18.52593	0
-18.51493	0
-18.50393	0
-18.49293	1E-5
-18.48293	1E-5
-18.47193	2E-5
-18.46093	3E-5
-18.44993	3E-5
-18.43893	4E-5
-18.42893	5E-5
-18.41793	5E-5
-18.40693	6E-5
-18.39593	7E-5
-18.38493	9E-5
-18.37493	1E-4
-18.36393	1.2E-4
-18.35293	1.4E-4
-18.34193	1.6E-4
-18.33193	1.8E-4
-18.32093	2E-4
-18.30993	2.4E-4
-18.29893	2.7E-4
-18.28793	3E-4
-18.27793	3.2E-4
-18.26693	3.2E-4
-18.25593	2.9E-4
-18.24493	2.5E-4
-18.23393	2E-4
-18.22393	1.4E-4
-18.21293	1E-4
-18.20193	7E-5
-18.19093	5E-5
-18.17993	4E-5
-18.16993	3E-5
-18.15893	3E-5
-18.14793	2E-5
-18.13693	2E-5
-18.12693	2E-5
-18.11593	2E-5
-18.10493	2E-5
-18.09393	3E-5
-18.08293	4E-5
-18.07293	5E-5
-18.06193	6E-5
-18.05093	8E-5
-18.03993	1.1E-4
-18.02893	1.5E-4
-18.01893	2.2E-4
-18.00793	3.7E-4
-17.99693	6.2E-4
-17.98593	0.00105
-17.97493	0.00171
-17.96493	0.00263
-17.95393	0.00377
-17.94293	0.00502
-17.93193	0.0062
-17.92193	0.00711
-17.91093	0.00759
-17.89993	0.00756
-17.88893	0.00708
-17.87793	0.00626
-17.86793	0.0053
-17.85693	0.00436
-17.84593	0.00352
-17.83493	0.00283
-17.82393	0.00227
-17.81393	0.00181
-17.80293	0.00144
-17.79193	0.00114
-17.78093	9.3E-4
-17.76993	8.1E-4
-17.75993	7.7E-4
-17.74893	8.1E-4
-17.73793	9.1E-4
-17.72693	0.00103
-17.71693	0.00114
-17.70593	0.00122
-17.69493	0.00125
-17.68393	0.00121
-17.67293	0.00112
-17.66293	9.8E-4
-17.65193	8.3E-4
-17.64093	6.9E-4
-17.62993	5.7E-4
-17.61893	4.9E-4
-17.60893	4.5E-4
-17.59793	4.4E-4
-17.58693	4.6E-4
-17.57593	5E-4
-17.56493	5.4E-4
-17.55493	5.8E-4
-17.54393	5.9E-4
-17.53293	5.7E-4
-17.52193	5.2E-4
-17.51193	4.4E-4
-17.50093	3.6E-4
-17.48993	2.9E-4
-17.47893	2.3E-4
-17.46793	1.9E-4
-17.45793	1.8E-4
-17.44693	1.8E-4
-17.43593	1.9E-4
-17.42493	2E-4
-17.41393	2.2E-4
-17.40393	2.3E-4
-17.39293	2.3E-4
-17.38193	2.3E-4
-17.37093	2.2E-4
-17.35993	2.1E-4
-17.34993	1.8E-4
-17.33893	1.5E-4
-17.32793	1.3E-4
-17.31693	1E-4
-17.30693	8E-5
-17.29593	7E-5
-17.28493	5E-5
-17.27393	4E-5
-17.26293	3E-5
-17.25293	2E-5
-17.24193	1E-5
-17.23093	1E-5
-17.21993	0
-17.20893	0
-17.19893	0
-17.18793	0
-17.17693	0
-17.16593	0
-17.15493	0
-17.14493	0
-17.13393	0
-17.12293	0
-17.11193	0
-17.10193	0
-17.09093	0
-17.07993	0
-17.06893	0
-17.05793	0
-17.04793	0
-17.03693	0
-17.02593	0
-17.01493	0
-17.00393	0
-16.99393	0
-16.98293	0
-16.97193	0
-16.96093	0
-16.94993	0
-16.93993	0
-16.92893	0
-16.91793	0
-16.90693	0
-16.89693	0
-16.88593	0
-16.87493	0
-16.86393	0
-16.85293	0
-16.84293	0
-16.83193	0
-16.82093	0
-16.80993	0
-16.79893	0
-16.78893	0
-16.77793	0
-16.76693	0
-16.75593	0
-16.74493	0
-16.73493	0
-16.72393	0
-16.71293	0
-16.70193	0
-16.69193	0
-16.68093	0
-16.66993	0
-16.65893	0
-16.64793	0
-16.63793	0
-16.62693	0
-16.61593	0
-16.60493	0
-16.59393	0
-16.58393	0
-16.57293	0
-16.56193	0
-16.55093	0
-16.53993	0
-16.52993	0
-16.51893	0
-16.50793	0
-16.49693	0
-16.48693	0
-16.47593	0
-16.46493	0
-16.45393	0
-16.44293	0
-16.43293	0
-16.42193	0
-16.41093	0
-16.39993	0
-16.38893	0
-16.37893	0
-16.36793	0
-16.35693	0
-16.34593	0
-16.33493	0
-16.32493	0
-16.31393	0
-16.30293	0
-16.29193	0
-16.28193	0
-16.27093	0
-16.25993	0
-16.24893	0
-16.23793	0
-16.22793	0
-16.21693	0
-16.20593	0
-16.19493	0
-16.18393	0
-16.17393	0
-16.16293	0
-16.15193	0
-16.14093	0
-16.12993	0
-16.11993	0
-16.10893	0
-16.09793	0
-16.08693	0
-16.07693	0
-16.06593	0
-16.05493	0
-16.04393	0
-16.03293	0
-16.02293	0
-16.01193	0
-16.00093	0
-15.98993	0
-15.97893	0
-15.96893	0
-15.95793	0
-15.94693	0
-15.93593	0
-15.92493	0
-15.91493	0
-15.90393	0
-15.89293	0
-15.88193	1E-5
-15.87193	2E-5
-15.86093	4E-5
-15.84993	9E-5
-15.83893	1.7E-4
-15.82793	2.8E-4
-15.81793	4.3E-4
-15.80693	6E-4
-15.79593	7.7E-4
-15.78493	9E-4
-15.77393	9.5E-4
-15.76393	9.2E-4
-15.75293	8.1E-4
-15.74193	6.5E-4
-15.73093	4.8E-4
-15.71993	3.2E-4
-15.70993	2E-4
-15.69893	1.1E-4
-15.68793	6E-5
-15.67693	3E-5
-15.66693	2E-5
-15.65593	2E-5
-15.64493	5E-5
-15.63393	1.1E-4
-15.62293	2.4E-4
-15.61293	5E-4
-15.60193	9.5E-4
-15.59093	0.00165
-15.57993	0.00265
-15.56893	0.00395
-15.55893	0.00546
-15.54793	0.00706
-15.53693	0.00854
-15.52593	0.00968
-15.51493	0.0103
-15.50493	0.01027
-15.49393	0.00962
-15.48293	0.00849
-15.47193	0.00716
-15.46193	0.006
-15.45093	0.00534
-15.43993	0.0054
-15.42893	0.0062
-15.41793	0.00754
-15.40793	0.00903
-15.39693	0.01021
-15.38593	0.01071
-15.37493	0.01039
-15.36393	0.00936
-15.35393	0.0079
-15.34293	0.00636
-15.33193	0.005
-15.32093	0.00391
-15.30993	0.00308
-15.29993	0.00242
-15.28893	0.00186
-15.27793	0.00136
-15.26693	9.4E-4
-15.25693	6E-4
-15.24593	3.5E-4
-15.23493	1.9E-4
-15.22393	9E-5
-15.21293	4E-5
-15.20293	2E-5
-15.19193	1E-5
-15.18093	0
-15.16993	0
-15.15893	0
-15.14893	0
-15.13793	0
-15.12693	0
-15.11593	0
-15.10593	0
-15.09493	0
-15.08393	0
-15.07293	0
-15.06193	0
-15.05193	0
-15.04093	0
-15.02993	0
-15.01893	0
-15.00793	0
-14.99793	0
-14.98693	0
-14.97593	0
-14.96493	0
-14.95393	0
-14.94393	0
-14.93293	0
-14.92193	0
-14.91093	0
-14.90093	0
-14.88993	0
-14.87893	0
-14.86793	0
-14.85693	0
-14.84693	0
-14.83593	0
-14.82493	0
-14.81393	0
-14.80293	0
-14.79293	0
-14.78193	0
-14.77093	0
-14.75993	0
-14.74893	0
-14.73893	0
-14.72793	0
-14.71693	0
-14.70593	0
-14.69593	0
-14.68493	0
-14.67393	0
-14.66293	0
-14.65193	0
-14.64193	0
-14.63093	0
-14.61993	0
-14.60893	0
-14.59793	0
-14.58793	0
-14.57693	0
-14.56593	0
-14.55493	0
-14.54393	0
-14.53393	0
-14.52293	0
-14.51193	0
-14.50093	0
-14.49093	0
-14.47993	0
-14.46893	0
-14.45793	1E-5
-14.44693	3E-5
-14.43693	6E-5
-14.42593	1.4E-4
-14.41493	2.8E-4
-14.40393	5.1E-4
-14.39293	8.5E-4
-14.38293	0.0013
-14.37193	0.00181
-14.36093	0.00231
-14.34993	0.00267
-14.33893	0.00282
-14.32893	0.00272
-14.31793	0.00239
-14.30693	0.00191
-14.29593	0.0014
-14.28593	9.3E-4
-14.27493	5.6E-4
-14.26393	3.1E-4
-14.25293	1.6E-4
-14.24193	7E-5
-14.23193	3E-5
-14.22093	1E-5
-14.20993	0
-14.19893	0
-14.18793	0
-14.17793	0
-14.16693	0
-14.15593	0
-14.14493	0
-14.13393	0
-14.12393	0
-14.11293	0
-14.10193	0
-14.09093	0
-14.08093	0
-14.06993	0
-14.05893	0
-14.04793	0
-14.03693	0
-14.02693	0
-14.01593	0
-14.00493	0
-13.99393	0
-13.98293	0
-13.97293	0
-13.96193	0
-13.95093	0
-13.93993	0
-13.92893	0
-13.91893	0
-13.90793	0
-13.89693	0
-13.88593	0
-13.87593	0
-13.86493	0
-13.85393	0
-13.84293	0
-13.83193	0
-13.82193	0
-13.81093	0
-13.79993	0
-13.78893	1E-5
-13.77793	2E-5
-13.76793	6E-5
-13.75693	1.3E-4
-13.74593	2.9E-4
-13.73493	5.6E-4
-13.72393	0.001
-13.71393	0.00163
-13.70293	0.00243
-13.69193	0.00329
-13.68093	0.00406
-13.67093	0.00457
-13.65993	0.0047
-13.64893	0.0044
-13.63793	0.00375
-13.62693	0.00292
-13.61693	0.00207
-13.60593	0.00134
-13.59493	7.9E-4
-13.58393	4.3E-4
-13.57293	2.1E-4
-13.56293	9E-5
-13.55193	4E-5
-13.54093	1E-5
-13.52993	0
-13.51893	0
-13.50893	0
-13.49793	0
-13.48693	0
-13.47593	0
-13.46593	0
-13.45493	0
-13.44393	0
-13.43293	0
-13.42193	0
-13.41193	0
-13.40093	0
-13.38993	0
-13.37893	0
-13.36793	0
-13.35793	0
-13.34693	0
-13.33593	0
-13.32493	0
-13.31393	0
-13.30393	0
-13.29293	0
-13.28193	0
-13.27093	0
-13.26093	0
-13.24993	0
-13.23893	0
-13.22793	0
-13.21693	0
-13.20693	0
-13.19593	0
-13.18493	0
-13.17393	0
-13.16293	0
-13.15293	0
-13.14193	0
-13.13093	0
-13.11993	0
-13.10893	0
-13.09893	0
-13.08793	0
-13.07693	0
-13.06593	0
-13.05593	0
-13.04493	0
-13.03393	0
-13.02293	0
-13.01193	0
-13.00193	0
-12.99093	0
-12.97993	0
-12.96893	0
-12.95793	0
-12.94793	0
-12.93693	0
-12.92593	0
-12.91493	0
-12.90393	0
-12.89393	0
-12.88293	0
-12.87193	0
-12.86093	0
-12.85093	0
-12.83993	0
-12.82893	0
-12.81793	0
-12.80693	0
-12.79693	0
-12.78593	0
-12.77493	0
-12.76393	0
-12.75293	0
-12.74293	0
-12.73193	0
-12.72093	0
-12.70993	0
-12.69893	0
-12.68893	0
-12.67793	0
-12.66693	0
-12.65593	0
-12.64593	0
-12.63493	0
-12.62393	0
-12.61293	0
-12.60193	0
-12.59193	0
-12.58093	0
-12.56993	0
-12.55893	0
-12.54793	1E-5
-12.53793	3E-5
-12.52693	8E-5
-12.51593	1.9E-4
-12.50493	4.1E-4
-12.49393	8E-4
-12.48393	0.00142
-12.47293	0.0023
-12.46193	0.00341
-12.45093	0.00462
-12.44093	0.00576
-12.42993	0.00663
-12.41893	0.00714
-12.40793	0.00737
-12.39693	0.00751
-12.38693	0.0078
-12.37593	0.00836
-12.36493	0.00914
-12.35393	0.00986
-12.34293	0.01019
-12.33293	0.00987
-12.32193	0.00885
-12.31093	0.00732
-12.29993	0.00562
-12.28893	0.00414
-12.27893	0.00323
-12.26793	0.00313
-12.25693	0.00402
-12.24593	0.00595
-12.23593	0.0088
-12.22493	0.01222
-12.21393	0.01561
-12.20293	0.01822
-12.19193	0.01941
-12.18193	0.01885
-12.17093	0.0167
-12.15993	0.01349
-12.14893	0.00993
-12.13793	0.00667
-12.12793	0.00408
-12.11693	0.00228
-12.10593	0.00116
-12.09493	5.5E-4
-12.08393	2.7E-4
-12.07393	1.9E-4
-12.06293	2.8E-4
-12.05193	5.3E-4
-12.04093	0.00101
-12.03093	0.00177
-12.01993	0.00284
-12.00893	0.00415
-11.99793	0.00554
-11.98693	0.00676
-11.97693	0.00753
-11.96593	0.0077
-11.95493	0.00728
-11.94393	0.00645
-11.93293	0.00547
-11.92293	0.00461
-11.91193	0.00399
-11.90093	0.00361
-11.88993	0.00336
-11.87893	0.00309
-11.86893	0.00272
-11.85793	0.00224
-11.84693	0.0017
-11.83593	0.00119
-11.82593	7.6E-4
-11.81493	4.4E-4
-11.80393	2.4E-4
-11.79293	1.1E-4
-11.78193	5E-5
-11.77193	2E-5
-11.76093	1E-5
-11.74993	0
-11.73893	0
-11.72793	0
-11.71793	0
-11.70693	0
-11.69593	0
-11.68493	0
-11.67493	0
-11.66393	0
-11.65293	0
-11.64193	0
-11.63093	0
-11.62093	0
-11.60993	0
-11.59893	0
-11.58793	0
-11.57693	0
-11.56693	0
-11.55593	0
-11.54493	0
-11.53393	0
-11.52293	0
-11.51293	0
-11.50193	0
-11.49093	0
-11.47993	0
-11.46993	0
-11.45893	0
-11.44793	0
-11.43693	0
-11.42593	0
-11.41593	0
-11.40493	1E-5
-11.39393	4E-5
-11.38293	1.1E-4
-11.37193	2.8E-4
-11.36193	6.5E-4
-11.35093	0.00137
-11.33993	0.00261
-11.32893	0.00455
-11.31793	0.00724
-11.30793	0.0105
-11.29693	0.01388
-11.28593	0.01672
-11.27493	0.01838
-11.26493	0.01841
-11.25393	0.01681
-11.24293	0.014
-11.23193	0.01063
-11.22093	0.00736
-11.21093	0.00465
-11.19993	0.00267
-11.18893	0.0014
-11.17793	6.7E-4
-11.16693	3E-4
-11.15693	1.4E-4
-11.14593	1.1E-4
-11.13493	1.7E-4
-11.12393	3.5E-4
-11.11293	7.1E-4
-11.10293	0.00132
-11.09193	0.00229
-11.08093	0.00366
-11.06993	0.00544
-11.05993	0.00755
-11.04893	0.00981
-11.03793	0.01198
-11.02693	0.01377
-11.01593	0.01489
-11.00593	0.01511
-10.99493	0.01434
-10.98393	0.01267
-10.97293	0.01038
-10.96193	0.00786
-10.95193	0.00547
-10.94093	0.0035
-10.92993	0.00205
-10.91893	0.0011
-10.90793	5.4E-4
-10.89793	2.4E-4
-10.88693	1E-4
-10.87593	4E-5
-10.86493	1E-5
-10.85493	0
-10.84393	0
-10.83293	0
-10.82193	0
-10.81093	0
-10.80093	0
-10.78993	0
-10.77893	0
-10.76793	0
-10.75693	0
-10.74693	0
-10.73593	0
-10.72493	0
-10.71393	0
-10.70293	0
-10.69293	0
-10.68193	0
-10.67093	0
-10.65993	0
-10.64993	0
-10.63893	0
-10.62793	0
-10.61693	0
-10.60593	0
-10.59593	0
-10.58493	0
-10.57393	0
-10.56293	0
-10.55193	0
-10.54193	0
-10.53093	0
-10.51993	0
-10.50893	0
-10.49793	0
-10.48793	0
-10.47693	0
-10.46593	0
-10.45493	0
-10.44493	0
-10.43393	0
-10.42293	0
-10.41193	0
-10.40093	1E-5
-10.39093	3E-5
-10.37993	7E-5
-10.36893	1.7E-4
-10.35793	3.5E-4
-10.34693	6.6E-4
-10.33693	0.00113
-10.32593	0.00177
-10.31493	0.00254
-10.30393	0.00331
-10.29293	0.00393
-10.28293	0.00426
-10.27193	0.00421
-10.26093	0.0038
-10.24993	0.00312
-10.23993	0.00234
-10.22893	0.0016
-10.21793	9.9E-4
-10.20693	5.7E-4
-10.19593	3E-4
-10.18593	1.6E-4
-10.17493	1.2E-4
-10.16393	1.9E-4
-10.15293	4E-4
-10.14193	8.4E-4
-10.13193	0.00164
-10.12093	0.00292
-10.10993	0.00474
-10.09893	0.00703
-10.08793	0.00951
-10.07793	0.01172
-10.06693	0.01318
-10.05593	0.01352
-10.04493	0.01264
-10.03493	0.01078
-10.02393	0.00838
-10.01293	0.00594
-10.00193	0.00384
-9.99093	0.00227
-9.98093	0.00122
-9.96993	6E-4
-9.95893	2.7E-4
-9.94793	1.1E-4
-9.93693	4E-5
-9.92693	1E-5
-9.91593	0
-9.90493	0
-9.89393	0
-9.88293	0
-9.87293	0
-9.86193	0
-9.85093	0
-9.83993	0
-9.82993	0
-9.81893	0
-9.80793	0
-9.79693	0
-9.78593	0
-9.77593	0
-9.76493	1E-5
-9.75393	2E-5
-9.74293	6E-5
-9.73193	1.4E-4
-9.72193	3.3E-4
-9.71093	6.9E-4
-9.69993	0.00135
-9.68893	0.00243
-9.67793	0.00401
-9.66793	0.00612
-9.65693	0.0086
-9.64593	0.01115
-9.63493	0.01337
-9.62493	0.0148
-9.61393	0.01514
-9.60293	0.01429
-9.59193	0.01245
-9.58093	0.00999
-9.57093	0.00738
-9.55993	0.00501
-9.54893	0.00313
-9.53793	0.00179
-9.52693	9.4E-4
-9.51693	4.5E-4
-9.50593	2E-4
-9.49493	8E-5
-9.48393	3E-5
-9.47293	1E-5
-9.46293	0
-9.45193	0
-9.44093	0
-9.42993	0
-9.41993	0
-9.40893	0
-9.39793	0
-9.38693	0
-9.37593	0
-9.36593	0
-9.35493	0
-9.34393	0
-9.33293	0
-9.32193	0
-9.31193	0
-9.30093	0
-9.28993	0
-9.27893	0
-9.26793	0
-9.25793	0
-9.24693	0
-9.23593	0
-9.22493	0
-9.21493	0
-9.20393	0
-9.19293	0
-9.18193	0
-9.17093	0
-9.16093	0
-9.14993	0
-9.13893	0
-9.12793	0
-9.11693	0
-9.10693	0
-9.09593	0
-9.08493	0
-9.07393	0
-9.06293	0
-9.05293	0
-9.04193	0
-9.03093	0
-9.01993	0
-9.00993	0
-8.99893	0
-8.98793	0
-8.97693	2E-5
-8.96593	5E-5
-8.95593	1.2E-4
-8.94493	2.9E-4
-8.93393	6.5E-4
-8.92293	0.00131
-8.91193	0.00242
-8.90193	0.00407
-8.89093	0.00624
-8.87993	0.00873
-8.86893	0.01112
-8.85793	0.01292
-8.84793	0.01368
-8.83693	0.01321
-8.82593	0.01164
-8.81493	0.00935
-8.80493	0.00687
-8.79393	0.00466
-8.78293	0.00301
-8.77193	0.00204
-8.76093	0.00177
-8.75093	0.00212
-8.73993	0.00303
-8.72893	0.00434
-8.71793	0.00582
-8.70693	0.00717
-8.69693	0.00808
-8.68593	0.0083
-8.67493	0.00777
-8.66393	0.00664
-8.65293	0.00517
-8.64293	0.00367
-8.63193	0.00237
-8.62093	0.0014
-8.60993	7.5E-4
-8.59993	3.7E-4
-8.58893	1.7E-4
-8.57793	7E-5
-8.56693	3E-5
-8.55593	1E-5
-8.54593	0
-8.53493	0
-8.52393	0
-8.51293	0
-8.50193	1E-5
-8.49193	4E-5
-8.48093	1.2E-4
-8.46993	3.3E-4
-8.45893	8.3E-4
-8.44793	0.00195
-8.43793	0.00414
-8.42693	0.00802
-8.41593	0.01421
-8.40493	0.02297
-8.39493	0.03389
-8.38393	0.04564
-8.37293	0.05611
-8.36193	0.06298
-8.35093	0.06453
-8.34093	0.06036
-8.32993	0.05155
-8.31893	0.0402
-8.30793	0.02862
-8.29693	0.01861
-8.28693	0.01104
-8.27593	0.00599
-8.26493	0.00297
-8.25393	0.00137
-8.24393	7E-4
-8.23293	7.5E-4
-8.22193	0.00188
-8.21093	0.00558
-8.19993	0.01556
-8.18993	0.0397
-8.17893	0.09239
-8.16793	0.19601
-8.15693	0.37909
-8.14593	0.66862
-8.13593	1.07526
-8.12493	1.5769
-8.11393	2.10933
-8.10293	2.57346
-8.09193	2.86504
-8.08193	2.91145
-8.07093	2.70291
-8.05993	2.29464
-8.04893	1.78449
-8.03893	1.27434
-8.02793	0.83891
-8.01693	0.51172
-8.00593	0.2913
-7.99493	0.15611
-7.98493	0.07946
-7.97393	0.03871
-7.96293	0.01812
-7.95193	0.00814
-7.94093	0.00349
-7.93093	0.00144
-7.91993	6.2E-4
-7.90893	4.1E-4
-7.89793	6E-4
-7.88693	0.0013
-7.87693	0.00303
-7.86593	0.00728
-7.85493	0.01775
-7.84393	0.04294
-7.83393	0.10037
-7.82293	0.22152
-7.81193	0.45456
-7.80093	0.85946
-7.78993	1.48985
-7.77993	2.36162
-7.76893	3.41837
-7.75793	4.51521
-7.74693	5.43987
-7.73593	5.97683
-7.72593	5.98819
-7.71493	5.47082
-7.70393	4.55731
-7.69293	3.46143
-7.68193	2.39731
-7.67193	1.51383
-7.66093	0.87157
-7.64993	0.45756
-7.63893	0.21902
-7.62893	0.09558
-7.61793	0.03804
-7.60693	0.0138
-7.59593	0.00457
-7.58493	0.00138
-7.57493	3.9E-4
-7.56393	1.3E-4
-7.55293	1.1E-4
-7.54193	2E-4
-7.53093	3.9E-4
-7.52093	7.1E-4
-7.50993	0.00119
-7.49893	0.00182
-7.48793	0.00253
-7.47693	0.0032
-7.46693	0.0037
-7.45593	0.00392
-7.44493	0.0038
-7.43393	0.00344
-7.42393	0.00301
-7.41293	0.00276
-7.40193	0.00294
-7.39093	0.00377
-7.37993	0.00531
-7.36993	0.00748
-7.35893	0.00995
-7.34793	0.01223
-7.33693	0.01379
-7.32593	0.01419
-7.31593	0.01335
-7.30493	0.01145
-7.29393	0.00897
-7.28293	0.00641
-7.27193	0.00418
-7.26193	0.00249
-7.25093	0.00135
-7.23993	6.7E-4
-7.22893	3.1E-4
-7.21893	1.4E-4
-7.20793	1E-4
-7.19693	2.4E-4
-7.18593	8E-4
-7.17493	0.00263
-7.16493	0.00789
-7.15393	0.02164
-7.14293	0.0541
-7.13193	0.12331
-7.12093	0.25623
-7.11093	0.48551
-7.09993	0.8387
-7.08893	1.32127
-7.07793	1.89833
-7.06693	2.48802
-7.05693	2.97665
-7.04593	3.25416
-7.03493	3.25853
-7.02393	3.00173
-7.01393	2.56673
-7.00293	2.06912
-6.99193	1.61395
-6.98093	1.25949
-6.96993	1.01165
-6.95993	0.84042
-6.94893	0.70623
-6.93793	0.58063
-6.92693	0.45416
-6.91593	0.3319
-6.90593	0.22446
-6.89493	0.13982
-6.88393	0.08012
-6.87293	0.04223
-6.86193	0.0205
-6.85193	0.00918
-6.84093	0.0038
-6.82993	0.00146
-6.81893	5.2E-4
-6.80893	1.7E-4
-6.79793	5E-5
-6.78693	1E-5
-6.77593	0
-6.76493	0
-6.75493	0
-6.74393	0
-6.73293	0
-6.72193	0
-6.71093	0
-6.70093	1E-5
-6.68993	3E-5
-6.67893	6E-5
-6.66793	1.3E-4
-6.65693	2.5E-4
-6.64693	4.2E-4
-6.63593	6.5E-4
-6.62493	9.2E-4
-6.61393	0.00118
-6.60393	0.00139
-6.59293	0.00149
-6.58193	0.00146
-6.57093	0.00132
-6.55993	0.00112
-6.54993	9.5E-4
-6.53893	9.7E-4
-6.52793	0.00134
-6.51693	0.0023
-6.50593	0.00413
-6.49593	0.00706
-6.48493	0.01113
-6.47393	0.01605
-6.46293	0.02112
-6.45193	0.02536
-6.44193	0.02775
-6.43093	0.0277
-6.41993	0.0252
-6.40893	0.02092
-6.39893	0.01585
-6.38793	0.01102
-6.37693	0.00713
-6.36593	0.00456
-6.35493	0.00346
-6.34493	0.00415
-6.33393	0.00762
-6.32293	0.01646
-6.31193	0.03596
-6.30093	0.07525
-6.29093	0.14742
-6.27993	0.2674
-6.26893	0.4466
-6.25793	0.68541
-6.24693	0.9666
-6.23693	1.25452
-6.22593	1.50339
-6.21493	1.67097
-6.20393	1.73234
-6.19393	1.68751
-6.18293	1.55607
-6.17193	1.36903
-6.16093	1.15926
-6.14993	0.95624
-6.13993	0.78431
-6.12893	0.6608
-6.11793	0.5933
-6.10693	0.57765
-6.09593	0.59881
-6.08593	0.6351
-6.07493	0.66437
-6.06393	0.67013
-6.05293	0.64583
-6.04193	0.59757
-6.03193	0.54471
-6.02093	0.51971
-6.00993	0.56611
-5.99893	0.73322
-5.98893	1.06641
-5.97793	1.59
-5.96693	2.28836
-5.95593	3.09271
-5.94493	3.88664
-5.93493	4.53321
-5.92393	4.91495
-5.91293	4.97357
-5.90193	4.72528
-5.89093	4.24958
-5.88093	3.66513
-5.86993	3.09183
-5.85893	2.62898
-5.84793	2.33646
-5.83693	2.2347
-5.82693	2.3089
-5.81593	2.5166
-5.80493	2.79714
-5.79393	3.07623
-5.78393	3.27723
-5.77293	3.33668
-5.76193	3.22435
-5.75093	2.95182
-5.73993	2.56936
-5.72993	2.14573
-5.71893	1.74601
-5.70793	1.41441
-5.69693	1.16987
-5.68593	1.01039
-5.67593	0.92045
-5.66493	0.87822
-5.65393	0.86123
-5.64293	0.85073
-5.63193	0.83389
-5.62193	0.80443
-5.61093	0.76103
-5.59993	0.70657
-5.58893	0.64739
-5.57893	0.5933
-5.56793	0.55585
-5.55693	0.5445
-5.54593	0.56238
-5.53493	0.60379
-5.52493	0.6564
-5.51393	0.70677
-5.50293	0.74703
-5.49193	0.77798
-5.48093	0.80766
-5.47093	0.84511
-5.45993	0.89347
-5.44893	0.94674
-5.43793	0.99073
-5.42693	1.00883
-5.41693	0.98837
-5.40593	0.92589
-5.39493	0.82928
-5.38393	0.71677
-5.37393	0.6139
-5.36293	0.54911
-5.35193	0.54859
-5.34093	0.62996
-5.32993	0.79523
-5.31993	1.02499
-5.30893	1.27842
-5.29793	1.5017
-5.28693	1.64457
-5.27593	1.67862
-5.26593	1.60684
-5.25493	1.46067
-5.24393	1.28394
-5.23293	1.11458
-5.22193	0.97254
-5.21193	0.85898
-5.20093	0.76454
-5.18993	0.67983
-5.17893	0.60125
-5.16893	0.53088
-5.15793	0.47182
-5.14693	0.42419
-5.13593	0.38403
-5.12493	0.34576
-5.11493	0.30568
-5.10393	0.26417
-5.09293	0.22495
-5.08193	0.19266
-5.07093	0.16996
-5.06093	0.1561
-5.04993	0.14754
-5.03893	0.13983
-5.02793	0.12978
-5.01693	0.1168
-5.00693	0.10284
-4.99593	0.09149
-4.98493	0.08658
-4.97393	0.09106
-4.96393	0.10633
-4.95293	0.13207
-4.94193	0.16624
-4.93093	0.20526
-4.91993	0.24458
-4.90993	0.27987
-4.89893	0.30888
-4.88793	0.33377
-4.87693	0.36267
-4.86593	0.40922
-4.85593	0.48977
-4.84493	0.61807
-4.83393	0.79984
-4.82293	1.02813
-4.81293	1.28197
-4.80193	1.5291
-4.79093	1.73303
-4.77993	1.8642
-4.76893	1.91065
-4.75893	1.88475
-4.74793	1.81973
-4.73693	1.75729
-4.72593	1.73196
-4.71493	1.75698
-4.70493	1.82046
-4.69393	1.89148
-4.68293	1.93095
-4.67193	1.90572
-4.66093	1.7977
-4.65093	1.60913
-4.63993	1.36116
-4.62893	1.0873
-4.61793	0.82397
-4.60793	0.60125
-4.59693	0.43714
-4.58593	0.33636
-4.57493	0.29262
-4.56393	0.29306
-4.55393	0.32199
-4.54293	0.36356
-4.53193	0.40344
-4.52093	0.43029
-4.50993	0.43686
-4.49993	0.42109
-4.48893	0.38565
-4.47793	0.33698
-4.46693	0.28287
-4.45593	0.23019
-4.44593	0.18363
-4.43493	0.14522
-4.42393	0.11512
-4.41293	0.09267
-4.40293	0.07755
-4.39193	0.0704
-4.38093	0.07286
-4.36993	0.08675
-4.35893	0.11292
-4.34893	0.14992
-4.33793	0.19341
-4.32693	0.2367
-4.31593	0.27241
-4.30493	0.2948
-4.29493	0.30189
-4.28393	0.29593
-4.27293	0.28287
-4.26193	0.26998
-4.25093	0.26351
-4.24093	0.26671
-4.22993	0.27916
-4.21893	0.29721
-4.20793	0.31562
-4.19793	0.32913
-4.18693	0.33422
-4.17593	0.33016
-4.16493	0.31889
-4.15393	0.30465
-4.14393	0.29275
-4.13293	0.28817
-4.12193	0.29452
-4.11093	0.31379
-4.09993	0.34699
-4.08993	0.3955
-4.07893	0.46152
-4.06793	0.54694
-4.05693	0.64974
-4.04593	0.76059
-4.03593	0.86185
-4.02493	0.93152
-4.01393	0.95134
-4.00293	0.91523
-3.99293	0.83308
-3.98193	0.72775
-3.97093	0.62628
-3.95993	0.55071
-3.94893	0.51201
-3.93893	0.50895
-3.92793	0.53172
-3.91693	0.56659
-3.90593	0.60082
-3.89493	0.62604
-3.88493	0.64009
-3.87393	0.64728
-3.86293	0.65669
-3.85193	0.67865
-3.84093	0.72022
-3.83093	0.78154
-3.81993	0.85446
-3.80893	0.92527
-3.79793	0.98067
-3.78793	1.01427
-3.77693	1.03062
-3.76593	1.04488
-3.75493	1.07704
-3.74393	1.14321
-3.73393	1.24681
-3.72293	1.37395
-3.71193	1.49652
-3.70093	1.58212
-3.68993	1.60799
-3.67993	1.57161
-3.66893	1.49177
-3.65793	1.40029
-3.64693	1.32804
-3.63593	1.29498
-3.62593	1.3073
-3.61493	1.36147
-3.60393	1.44962
-3.59293	1.56155
-3.58293	1.68243
-3.57193	1.79102
-3.56093	1.8625
-3.54993	1.87695
-3.53893	1.82897
-3.52893	1.73202
-3.51793	1.61413
-3.50693	1.50609
-3.49593	1.42968
-3.48493	1.39183
-3.47493	1.38752
-3.46393	1.40925
-3.45293	1.45655
-3.44193	1.54003
-3.43093	1.67729
-3.42093	1.88315
-3.40993	2.15942
-3.39893	2.49194
-3.38793	2.85375
-3.37793	3.21773
-3.36693	3.56603
-3.35593	3.89361
-3.34493	4.20072
-3.33393	4.47898
-3.32393	4.70241
-3.31293	4.83244
-3.30193	4.837
-3.29093	4.71333
-3.27993	4.49939
-3.26993	4.26416
-3.25893	4.08486
-3.24793	4.01736
-3.23693	4.08188
-3.22593	4.26642
-3.21593	4.53606
-3.20493	4.84797
-3.19393	5.15485
-3.18293	5.40528
-3.17293	5.54507
-3.16193	5.52518
-3.15093	5.31991
-3.13993	4.94131
-3.12893	4.44178
-3.11893	3.89833
-3.10793	3.38805
-3.09693	2.96322
-3.08593	2.63919
-3.07493	2.40404
-3.06493	2.23189
-3.05393	2.10221
-3.04293	2.00782
-3.03193	1.9542
-3.02093	1.94936
-3.01093	1.99527
-2.99993	2.08326
-2.98893	2.19513
-2.97793	2.30892
-2.96793	2.40491
-2.95693	2.46764
-2.94593	2.48919
-2.93493	2.46529
-2.92393	2.39467
-2.91393	2.27742
-2.90293	2.11673
-2.89193	1.92116
-2.88093	1.70629
-2.86993	1.49395
-2.85993	1.30738
-2.84893	1.16513
-2.83793	1.07539
-2.82693	1.03405
-2.81593	1.0272
-2.80593	1.03678
-2.79493	1.04745
-2.78393	1.05095
-2.77293	1.04675
-2.76293	1.04001
-2.75193	1.03731
-2.74093	1.04402
-2.72993	1.06229
-2.71893	1.09145
-2.70893	1.12939
-2.69793	1.17361
-2.68693	1.22167
-2.67593	1.26993
-2.66493	1.31261
-2.65493	1.34215
-2.64393	1.35203
-2.63293	1.34047
-2.62193	1.31276
-2.61093	1.27975
-2.60093	1.25388
-2.58993	1.24391
-2.57893	1.25252
-2.56793	1.27544
-2.55793	1.30298
-2.54693	1.32259
-2.53593	1.32159
-2.52493	1.29048
-2.51393	1.22646
-2.50393	1.13522
-2.49293	1.03142
-2.48193	0.93461
-2.47093	0.86364
-2.45993	0.83019
-2.44993	0.83478
-2.43893	0.86723
-2.42793	0.91149
-2.41693	0.95192
-2.40593	0.97789
-2.39593	0.9848
-2.38493	0.97137
-2.37393	0.9362
-2.36293	0.87635
-2.35293	0.7895
-2.34193	0.67742
-2.33093	0.54818
-2.31993	0.41505
-2.30893	0.29236
-2.29893	0.19106
-2.28793	0.11595
-2.27693	0.06593
-2.26593	0.03606
-2.25493	0.02012
-2.24493	0.01255
-2.23393	0.00929
-2.22293	0.00785
-2.21193	0.00693
-2.20093	0.006
-2.19093	0.00493
-2.17993	0.0038
-2.16893	0.00273
-2.15793	0.00183
-2.14793	0.00113
-2.13693	6.5E-4
-2.12593	3.5E-4
-2.11493	1.9E-4
-2.10393	1.3E-4
-2.09393	1.5E-4
-2.08293	2.7E-4
-2.07193	4.8E-4
-2.06093	8.2E-4
-2.04993	0.00129
-2.03993	0.00189
-2.02893	0.00258
-2.01793	0.0034
-2.00693	0.00442
-1.99593	0.00591
-1.98593	0.00824
-1.97493	0.01182
-1.96393	0.01695
-1.95293	0.02358
-1.94293	0.03121
-1.93193	0.03886
-1.92093	0.04528
-1.90993	0.0493
-1.89893	0.05012
-1.88893	0.0477
-1.87793	0.04271
-1.86693	0.0364
-1.85593	0.03024
-1.84493	0.02555
-1.83493	0.02354
-1.82393	0.02571
-1.81293	0.03513
-1.80193	0.0584
-1.79093	0.10824
-1.78093	0.20547
-1.76993	0.37826
-1.75893	0.65561
-1.74793	1.05366
-1.73793	1.55798
-1.72693	2.11103
-1.71593	2.61543
-1.70493	2.95972
-1.69393	3.05701
-1.68393	2.88086
-1.67293	2.4765
-1.66193	1.94178
-1.65093	1.38862
-1.63993	0.90565
-1.62993	0.53868
-1.61893	0.29221
-1.60793	0.14457
-1.59693	0.06525
-1.58593	0.02692
-1.57593	0.01024
-1.56493	0.00376
-1.55393	0.0016
-1.54293	0.00109
-1.53293	0.00115
-1.52193	0.00137
-1.51093	0.00159
-1.49993	0.00181
-1.48893	0.00214
-1.47893	0.0028
-1.46793	0.00419
-1.45693	0.00677
-1.44593	0.01108
-1.43493	0.01783
-1.42493	0.02844
-1.41393	0.04668
-1.40293	0.08176
-1.39193	0.15283
-1.38193	0.29331
-1.37093	0.55091
-1.35993	0.9787
-1.34893	1.61331
-1.33793	2.44442
-1.32793	3.38991
-1.31693	4.29467
-1.30593	4.96768
-1.29493	5.24631
-1.28393	5.06137
-1.27393	4.46531
-1.26293	3.60906
-1.25193	2.68009
-1.24093	1.83684
-1.22993	1.16927
-1.21993	0.69773
-1.20893	0.39463
-1.19793	0.21403
-1.18693	0.11228
-1.17693	0.05713
-1.16593	0.02808
-1.15493	0.0132
-1.14393	0.00586
-1.13293	0.00244
-1.12293	9.4E-4
-1.11193	3.3E-4
-1.10093	1.1E-4
-1.08993	3E-5
-1.07893	1E-5
-1.06893	1E-5
-1.05793	4E-5
-1.04693	1E-4
-1.03593	2.3E-4
-1.02493	5.1E-4
-1.01493	0.00103
-1.00393	0.00188
-0.99293	0.00313
-0.98193	0.00476
-0.97193	0.0066
-0.96093	0.00835
-0.94993	0.00962
-0.93893	0.01011
-0.92793	0.00969
-0.91793	0.00846
-0.90693	0.00674
-0.89593	0.0049
-0.88493	0.00324
-0.87393	0.00196
-0.86393	0.00108
-0.85293	5.4E-4
-0.84193	2.5E-4
-0.83093	1E-4
-0.81993	4E-5
-0.80993	1E-5
-0.79893	0
-0.78793	0
-0.77693	0
-0.76693	0
-0.75593	0
-0.74493	0
-0.73393	0
-0.72293	0
-0.71293	0
-0.70193	0
-0.69093	0
-0.67993	0
-0.66893	0
-0.65893	0
-0.64793	0
-0.63693	0
-0.62593	0
-0.61493	0
-0.60493	0
-0.59393	0
-0.58293	0
-0.57193	0
-0.56193	0
-0.55093	0
-0.53993	0
-0.52893	0
-0.51793	1E-5
-0.50793	1E-5
-0.49693	3E-5
-0.48593	4E-5
-0.47493	6E-5
-0.46393	8E-5
-0.45393	9E-5
-0.44293	1E-4
-0.43193	1E-4
-0.42093	9E-5
-0.40993	7E-5
-0.39993	6E-5
-0.38893	4E-5
-0.37793	2E-5
-0.36693	1E-5
-0.35693	1E-5
-0.34593	0
-0.33493	0
-0.32393	0
-0.31293	0
-0.30293	0
-0.29193	1E-5
-0.28093	2E-5
-0.26993	5E-5
-0.25893	1E-4
-0.24893	2E-4
-0.23793	3.4E-4
-0.22693	5.6E-4
-0.21593	8.3E-4
-0.20493	0.00114
-0.19493	0.00145
-0.18393	0.00172
-0.17293	0.00193
-0.16193	0.00207
-0.15193	0.00215
-0.14093	0.0022
-0.12993	0.00221
-0.11893	0.00221
-0.10793	0.00225
-0.09793	0.00244
-0.08693	0.00302
-0.07593	0.00428
-0.06493	0.00657
-0.05393	0.01008
-0.04393	0.0147
-0.03293	0.01998
-0.02193	0.02536
-0.01093	0.03088
7E-5	0.03873
0.01007	0.05609
0.02107	0.09942
0.03207	0.2
0.04307	0.40834
0.05307	0.79218
0.06407	1.42179
0.07507	2.33801
0.08607	3.51158
0.09707	4.81271
0.10707	6.01567
0.11807	6.85729
0.12907	7.12843
0.14007	6.75804
0.15107	5.84223
0.16107	4.60616
0.17207	3.31151
0.18307	2.17094
0.19407	1.29808
0.20507	0.70778
0.21507	0.35203
0.22607	0.15994
0.23707	0.06681
0.24807	0.02647
0.25807	0.01131
0.26907	0.00703
0.28007	0.00707
0.29107	0.00858
0.30207	0.01027
0.31207	0.01147
0.32307	0.01182
0.33407	0.01121
0.34507	0.00979
0.35607	0.00787
0.36607	0.00584
0.37707	0.00401
0.38807	0.00258
0.39907	0.0016
0.41007	0.00103
0.42007	7.5E-4
0.43107	6.6E-4
0.44207	6.6E-4
0.45307	7E-4
0.46307	7.6E-4
0.47407	8.4E-4
0.48507	9.4E-4
0.49607	0.00105
0.50707	0.00116
0.51707	0.00123
0.52807	0.00122
0.53907	0.00113
0.55007	9.6E-4
0.56107	7.4E-4
0.57107	5.3E-4
0.58207	3.4E-4
0.59307	2E-4
0.60407	1.1E-4
0.61507	5E-5
0.62507	2E-5
0.63607	1E-5
0.64707	0
0.65807	0
0.66807	0
0.67907	0
0.69007	1E-5
0.70107	1E-5
0.71207	1E-5
0.72207	2E-5
0.73307	3E-5
0.74407	6E-5
0.75507	1.2E-4
0.76607	2.8E-4
0.77607	6.4E-4
0.78707	0.00134
0.79807	0.00261
0.80907	0.00466
0.82007	0.00763
0.83007	0.01144
0.84107	0.0157
0.85207	0.01971
0.86307	0.02264
0.87307	0.02379
0.88407	0.02287
0.89507	0.0201
0.90607	0.01616
0.91707	0.01187
0.92707	0.00797
0.93807	0.0049
0.94907	0.00275
0.96007	0.00141
0.97107	6.6E-4
0.98107	2.8E-4
0.99207	1.1E-4
1.00307	4E-5
1.01407	2E-5
1.02507	1E-5
1.03507	2E-5
1.04607	5E-5
1.05707	8E-5
1.06807	1.4E-4
1.07807	2.1E-4
1.08907	2.9E-4
1.10007	3.6E-4
1.11107	4.3E-4
1.12207	5E-4
1.13207	6.2E-4
1.14307	0.00104
1.15407	0.00245
1.16507	0.0067
1.17607	0.01826
1.18607	0.04664
1.19707	0.10961
1.20807	0.23578
1.21907	0.46354
1.23007	0.83288
1.24007	1.36815
1.25107	2.05681
1.26207	2.83467
1.27307	3.5926
1.28307	4.2117
1.29407	4.61078
1.30507	4.78778
1.31607	4.8184
1.32707	4.81337
1.33707	4.85026
1.34807	4.92785
1.35907	4.97
1.37007	4.87958
1.38107	4.60905
1.39107	4.20143
1.40207	3.77599
1.41307	3.46653
1.42407	3.34984
1.43507	3.40567
1.44507	3.52957
1.45607	3.58756
1.46707	3.48599
1.47807	3.21272
1.48807	2.84261
1.49907	2.50345
1.51007	2.33316
1.52107	2.44687
1.53207	2.92114
1.54207	3.78083
1.55307	4.97687
1.56407	6.35951
1.57507	7.6783
1.58607	8.62843
1.59607	8.94937
1.60707	8.52594
1.61807	7.43916
1.62907	5.93572
1.64007	4.32854
1.65007	2.88533
1.66107	1.76
1.67207	0.98517
1.68307	0.50915
1.69307	0.24602
1.70407	0.11419
1.71507	0.05386
1.72607	0.02857
1.73707	0.01897
1.74707	0.01578
1.75807	0.01476
1.76907	0.01397
1.78007	0.01265
1.79107	0.01068
1.80107	0.00831
1.81207	0.00594
1.82307	0.00388
1.83407	0.00233
1.84507	0.00127
1.85507	6.4E-4
1.86607	2.9E-4
1.87707	1.2E-4
1.88807	5E-5
1.89807	2E-5
1.90907	1E-5
1.92007	0
1.93107	1E-5
1.94207	2E-5
1.95207	5E-5
1.96307	1.1E-4
1.97407	2.5E-4
1.98507	5E-4
1.99607	9.9E-4
2.00607	0.00188
2.01707	0.00342
2.02807	0.00592
2.03907	0.00969
2.04907	0.01499
2.06007	0.02183
2.07107	0.03003
2.08207	0.03912
2.09307	0.04854
2.10307	0.05769
2.11407	0.06593
2.12507	0.07249
2.13607	0.07647
2.14707	0.07695
2.15707	0.07331
2.16807	0.06567
2.17907	0.055
2.19007	0.04303
2.20107	0.03175
2.21107	0.02289
2.22207	0.01762
2.23307	0.01632
2.24407	0.0187
2.25407	0.0238
2.26507	0.03013
2.27607	0.03589
2.28707	0.0394
2.29807	0.0396
2.30807	0.03639
2.31907	0.03063
2.33007	0.02374
2.34107	0.01717
2.35207	0.01198
2.36207	0.00862
2.37307	0.00699
2.38407	0.00666
2.39507	0.00702
2.40607	0.00752
2.41607	0.00775
2.42707	0.00755
2.43807	0.00708
2.44907	0.00688
2.45907	0.00792
2.47007	0.0116
2.48107	0.01976
2.49207	0.03432
2.50307	0.05659
2.51307	0.08627
2.52407	0.12054
2.53507	0.15399
2.54607	0.17967
2.55707	0.19149
2.56707	0.1864
2.57807	0.16583
2.58907	0.13493
2.60007	0.10063
2.61107	0.06918
2.62107	0.04474
2.63207	0.02956
2.64307	0.02586
2.65407	0.03911
2.66407	0.08257
2.67507	0.18232
2.68607	0.38128
2.69707	0.73874
2.70807	1.32107
2.71807	2.18225
2.72907	3.33732
2.74007	4.74238
2.75107	6.28919
2.76207	7.82353
2.77207	9.1803
2.78307	10.20992
2.79407	10.79616
2.80507	10.85666
2.81607	10.35653
2.82607	9.32648
2.83707	7.88107
2.84807	6.21051
2.85907	4.53891
2.86907	3.06247
2.88007	1.90106
2.89107	1.08312
2.90207	0.566
2.91307	0.27217
2.92307	0.12259
2.93407	0.05539
2.94507	0.03015
2.95607	0.02388
2.96707	0.02479
2.97707	0.02722
2.98807	0.02869
2.99907	0.02863
3.01007	0.02785
3.02107	0.0281
3.03107	0.03155
3.04207	0.04001
3.05307	0.05407
3.06407	0.07252
3.07407	0.09224
3.08507	0.10899
3.09607	0.11882
3.10707	0.1198
3.11807	0.11314
3.12807	0.10317
3.13907	0.0961
3.15007	0.09799
3.16107	0.11281
3.17207	0.14127
3.18207	0.18079
3.19307	0.22678
3.20407	0.27426
3.21507	0.31906
3.22607	0.35811
3.23607	0.38854
3.24707	0.40741
3.25807	0.41329
3.26907	0.4096
3.27907	0.409
3.29007	0.43657
3.30107	0.52848
3.31207	0.72517
3.32307	1.05746
3.33307	1.52938
3.34407	2.10395
3.35507	2.70339
3.36607	3.22971
3.37707	3.60191
3.38707	3.79022
3.39807	3.82732
3.40907	3.78958
3.42007	3.74774
3.43107	3.7302
3.44107	3.70624
3.45207	3.60841
3.46307	3.37385
3.47407	2.97993
3.48407	2.4597
3.49507	1.88612
3.50607	1.34283
3.51707	0.89346
3.52807	0.56756
3.53807	0.36187
3.54907	0.25281
3.56007	0.2111
3.57107	0.21269
3.58207	0.2433
3.59207	0.29722
3.60307	0.37256
3.61407	0.46626
3.62507	0.57119
3.63607	0.67703
3.64607	0.77395
3.65707	0.85648
3.66807	0.92395
3.67907	0.97743
3.68907	1.01523
3.70007	1.03097
3.71107	1.01636
3.72207	0.96714
3.73307	0.88766
3.74307	0.79054
3.75407	0.69163
3.76507	0.60357
3.77607	0.53219
3.78707	0.47629
3.79707	0.43065
3.80807	0.38917
3.81907	0.34757
3.83007	0.30503
3.84107	0.26486
3.85107	0.23395
3.86207	0.22034
3.87307	0.22994
3.88407	0.26314
3.89407	0.31331
3.90507	0.36815
3.91607	0.41406
3.92707	0.44124
3.93807	0.44775
3.94807	0.43954
3.95907	0.42647
3.97007	0.4169
3.98107	0.41338
3.99207	0.41282
4.00207	0.40948
4.01307	0.39903
4.02407	0.38066
4.03507	0.35664
4.04607	0.33014
4.05607	0.30425
4.06707	0.28226
4.07807	0.26878
4.08907	0.26991
4.09907	0.29133
4.11007	0.33493
4.12107	0.3957
4.13207	0.46123
4.14307	0.51498
4.15307	0.54247
4.16407	0.53727
4.17507	0.50323
4.18607	0.45191
4.19707	0.39636
4.20707	0.34503
4.21807	0.30002
4.22907	0.25876
4.24007	0.21825
4.25107	0.17837
4.26107	0.14211
4.27207	0.114
4.28307	0.09735
4.29407	0.09263
4.30407	0.09719
4.31507	0.10661
4.32607	0.11682
4.33707	0.12629
4.34807	0.13728
4.35807	0.15556
4.36907	0.18819
4.38007	0.24038
4.39107	0.31253
4.40207	0.39872
4.41207	0.48822
4.42307	0.56823
4.43407	0.62744
4.44507	0.6581
4.45607	0.65663
4.46607	0.62335
4.47707	0.56215
4.48807	0.48044
4.49907	0.38873
4.50907	0.29929
4.52007	0.22362
4.53107	0.17013
4.54207	0.14236
4.55307	0.13887
4.56307	0.15435
4.57407	0.18149
4.58507	0.2129
4.59607	0.24251
4.60707	0.26632
4.61707	0.28233
4.62807	0.29059
4.63907	0.29323
4.65007	0.29527
4.66107	0.30489
4.67107	0.33353
4.68207	0.39357
4.69307	0.495
4.70407	0.64004
4.71407	0.81842
4.72507	1.00544
4.73607	1.16563
4.74707	1.26339
4.75807	1.27611
4.76807	1.20553
4.77907	1.07878
4.79007	0.93992
4.80107	0.83474
4.81207	0.79671
4.82207	0.84006
4.83307	0.96171
4.84407	1.14881
4.85507	1.38746
4.86607	1.66703
4.87607	1.97665
4.88707	2.29974
4.89807	2.60694
4.90907	2.85915
4.91907	3.02004
4.93007	3.07002
4.94107	3.01313
4.95207	2.87304
4.96307	2.68299
4.97307	2.47263
4.98407	2.26292
4.99507	2.06351
5.00607	1.87448
5.01707	1.69069
5.02707	1.50707
5.03807	1.32474
5.04907	1.1527
5.06007	1.00498
5.07107	0.89457
5.08107	0.82818
5.09207	0.80522
5.10307	0.81935
5.11407	0.86089
5.12407	0.919
5.13507	0.98376
5.14607	1.0487
5.15707	1.11258
5.16807	1.17778
5.17807	1.24554
5.18907	1.31081
5.20007	1.36044
5.21107	1.37825
5.22207	1.35268
5.23207	1.28343
5.24307	1.18172
5.25407	1.06618
5.26507	0.95633
5.27507	0.86865
5.28607	0.81517
5.29707	0.80368
5.30807	0.83694
5.31907	0.91185
5.32907	1.01835
5.34007	1.14066
5.35107	1.2587
5.36207	1.35037
5.37307	1.39378
5.38307	1.37118
5.39407	1.2753
5.40507	1.11373
5.41607	0.9098
5.42707	0.69625
5.43707	0.5049
5.44807	0.3572
5.45907	0.25975
5.47007	0.20663
5.48007	0.18521
5.49107	0.18289
5.50207	0.19119
5.51307	0.20656
5.52407	0.22864
5.53407	0.25757
5.54507	0.29213
5.55607	0.32938
5.56707	0.36548
5.57807	0.39609
5.58807	0.41687
5.59907	0.42347
5.61007	0.41269
5.62107	0.38415
5.63207	0.34171
5.64207	0.29312
5.65307	0.24785
5.66407	0.21366
5.67507	0.19438
5.68507	0.18955
5.69607	0.19655
5.70707	0.21338
5.71807	0.24043
5.72907	0.2801
5.73907	0.33458
5.75007	0.40307
5.76107	0.48062
5.77207	0.55853
5.78307	0.6271
5.79307	0.67831
5.80407	0.70812
5.81507	0.71698
5.82607	0.70927
5.83707	0.69206
5.84707	0.67355
5.85807	0.66228
5.86907	0.66624
5.88007	0.69157
5.89007	0.74
5.90107	0.80683
5.91207	0.88041
5.92307	0.94484
5.93407	0.9858
5.94407	0.99643
5.95507	0.98057
5.96607	0.95089
5.97707	0.92281
5.98807	0.9083
5.99807	0.91164
6.00907	0.92976
6.02007	0.95712
6.03107	0.99147
6.04207	1.03798
6.05207	1.10867
6.06307	1.21648
6.07407	1.36585
6.08507	1.54463
6.09507	1.7219
6.10607	1.85718
6.11707	1.91337
6.12807	1.87342
6.13907	1.74713
6.14907	1.56825
6.16007	1.3819
6.17107	1.231
6.18207	1.14575
6.19307	1.14067
6.20307	1.21368
6.21407	1.34922
6.22507	1.52125
6.23607	1.69988
6.24707	1.86012
6.25707	1.9879
6.26807	2.08212
6.27907	2.14952
6.29007	2.19955
6.30007	2.24029
6.31107	2.27894
6.32207	2.32044
6.33307	2.36153
6.34407	2.38555
6.35407	2.36291
6.36507	2.26136
6.37607	2.06414
6.38707	1.78253
6.39807	1.45771
6.40807	1.14751
6.41907	0.90647
6.43007	0.76991
6.44107	0.74643
6.45207	0.8209
6.46207	0.96265
6.47307	1.13506
6.48407	1.30373
6.49507	1.44265
6.50507	1.5385
6.51607	1.59304
6.52707	1.62174
6.53807	1.64969
6.54907	1.70559
6.55907	1.81541
6.57007	1.99574
6.58107	2.24496
6.59207	2.53724
6.60307	2.82216
6.61307	3.03414
6.62407	3.1169
6.63507	3.04521
6.64607	2.83495
6.65707	2.53584
6.66707	2.21119
6.67807	1.91482
6.68907	1.68051
6.70007	1.52086
6.71007	1.43399
6.72107	1.41036
6.73207	1.43738
6.74307	1.50241
6.75407	1.59711
6.76407	1.72241
6.77507	1.89052
6.78607	2.12013
6.79707	2.42397
6.80807	2.79287
6.81807	3.18753
6.82907	3.54037
6.84007	3.77777
6.85107	3.84438
6.86207	3.72343
6.87207	3.44577
6.88307	3.07219
6.89407	2.67149
6.90507	2.29753
6.91507	1.97793
6.92607	1.71635
6.93707	1.50221
6.94807	1.32192
6.95907	1.16503
6.96907	1.02638
6.98007	0.90446
6.99107	0.80005
7.00207	0.71496
7.01307	0.65232
7.02307	0.61669
7.03407	0.6135
7.04507	0.64681
7.05607	0.71605
7.06707	0.81246
7.07707	0.9178
7.08807	1.00658
7.09907	1.05369
7.11007	1.04383
7.12007	0.97886
7.13107	0.87832
7.14207	0.77184
7.15307	0.68733
7.16407	0.64052
7.17407	0.63091
7.18507	0.64527
7.19607	0.66574
7.20707	0.67868
7.21807	0.68038
7.22807	0.67682
7.23907	0.67855
7.25007	0.69411
7.26107	0.72441
7.27207	0.76162
7.28207	0.79265
7.29307	0.80501
7.30407	0.79204
7.31507	0.75483
7.32507	0.70091
7.33607	0.64075
7.34707	0.58428
7.35807	0.53833
7.36907	0.50579
7.37907	0.48525
7.39007	0.47208
7.40107	0.46027
7.41207	0.44474
7.42307	0.4236
7.43307	0.39941
7.44407	0.37829
7.45507	0.3676
7.46607	0.3729
7.47707	0.39584
7.48707	0.43322
7.49807	0.47788
7.50907	0.52087
7.52007	0.55421
7.53007	0.57307
7.54107	0.5768
7.55207	0.56854
7.56307	0.55315
7.57407	0.53517
7.58407	0.51699
7.59507	0.49836
7.60607	0.47779
7.61707	0.45402
7.62807	0.42786
7.63807	0.40235
7.64907	0.38141
7.66007	0.36747
7.67107	0.35941
7.68207	0.35231
7.69207	0.33922
7.70307	0.31429
7.71407	0.27564
7.72507	0.22613
7.73507	0.17221
7.74607	0.12115
7.75707	0.07848
7.76807	0.04672
7.77907	0.02553
7.78907	0.01279
7.80007	0.00587
7.81107	0.00247
7.82207	9.5E-4
7.83307	3.3E-4
7.84307	1.1E-4
7.85407	3E-5
7.86507	1E-5
7.87607	0
7.88707	0
7.89707	0
7.90807	0
7.91907	0
7.93007	0
7.94007	0
7.95107	0
7.96207	0
7.97307	0
7.98407	0
7.99407	0
8.00507	0
8.01607	0
8.02707	0
8.03807	0
8.04807	0
8.05907	0
8.07007	0
8.08107	0
8.09207	0
8.10207	0
8.11307	0
8.12407	0
8.13507	0
8.14507	0
8.15607	0
8.16707	0
8.17807	0
8.18907	0
8.19907	0
8.21007	0
8.22107	0
8.23207	0
8.24307	0
8.25307	0
8.26407	0
8.27507	0
8.28607	0
8.29707	0
8.30707	0
8.31807	0
8.32907	0
8.34007	0
8.35007	0
8.36107	0
8.37207	0
8.38307	0
8.39407	0
8.40407	0
8.41507	0
8.42607	0
8.43707	0
8.44807	0
8.45807	0
8.46907	0
8.48007	0
8.49107	0
8.50207	0
8.51207	0
8.52307	0
8.53407	0
8.54507	0
8.55507	0
8.56607	0
8.57707	0
8.58807	0
8.59907	0
8.60907	0
8.62007	0
8.63107	0
8.64207	0
8.65307	0
8.66307	0
8.67407	0
8.68507	0
8.69607	0
8.70607	0
8.71707	0
8.72807	0
8.73907	0
8.75007	0
8.76007	0
8.77107	0
8.78207	0
8.79307	0
8.80407	0
8.81407	0
8.82507	0
8.83607	0
8.84707	0
8.85807	0
8.86807	0
8.87907	0
8.89007	0
8.90107	0
8.91107	0
8.92207	0
8.93307	0
8.94407	0
8.95507	0
8.96507	0
8.97607	0
8.98707	0
8.99807	0
9.00907	0
9.01907	0
9.03007	0
9.04107	0
9.05207	0
9.06307	0
9.07307	0
9.08407	0
9.09507	0
9.10607	0
9.11607	0
9.12707	0
9.13807	0
9.14907	0
9.16007	0
9.17007	0
9.18107	0