#Energy	dxy	dyz	dz2	dxz	dx2
-23.18693	0	0	0	0	0
-23.17593	0	0	0	0	0
-23.16493	0	0	0	0	0
-23.15393	0	0	0	0	0
-23.14393	0	0	0	0	0
-23.13293	0	0	0	0	0
-23.12193	0	0	0	0	0
-23.11093	0	0	0	0	0
-23.09993	0	0	0	0	0
-23.08993	0	0	0	0	0
-23.07893	0	0	0	0	0
-23.06793	0	0	0	0	0
-23.05693	0	0	0	0	0
-23.04593	0	0	0	0	0
-23.03593	0	0	0	0	0
-23.02493	0	0	0	0	0
-23.01393	0	0	0	0	0
-23.00293	0	0	0	0	0
-22.99193	0	0	0	0	0
-22.98193	0	0	0	0	0
-22.97093	0	0	0	0	0
-22.95993	0	0	0	0	0
-22.94893	0	0	0	0	0
-22.93893	0	0	0	0	0
-22.92793	0	0	0	0	0
-22.91693	0	0	0	0	0
-22.90593	0	0	0	0	0
-22.89493	0	0	0	0	0
-22.88493	0	0	0	0	0
-22.87393	0	0	0	0	0
-22.86293	0	0	0	0	0
-22.85193	0	0	0	0	0
-22.84093	0	0	0	0	0
-22.83093	0	0	0	0	0
-22.81993	0	0	0	0	0
-22.80893	0	0	0	0	0
-22.79793	0	0	0	0	0
-22.78693	0	0	0	0	0
-22.77693	0	0	0	0	0
-22.76593	0	0	0	0	0
-22.75493	0	0	0	0	0
-22.74393	0	0	0	0	0
-22.73393	0	0	0	0	0
-22.72293	0	0	0	0	0
-22.71193	0	0	0	0	0
-22.70093	0	0	0	0	0
-22.68993	0	0	0	0	0
-22.67993	0	0	0	0	0
-22.66893	0	0	0	0	0
-22.65793	0	0	0	0	0
-22.64693	0	0	0	0	0
-22.63593	0	0	0	0	0
-22.62593	0	0	0	0	0
-22.61493	0	0	0	0	0
-22.60393	0	0	0	0	0
-22.59293	0	0	0	0	0
-22.58193	0	0	0	0	0
-22.57193	0	0	0	0	0
-22.56093	0	0	0	0	0
-22.54993	0	0	0	0	0
-22.53893	0	0	0	0	0
-22.52893	0	0	0	0	0
-22.51793	0	0	0	0	0
-22.50693	0	0	0	0	0
-22.49593	0	0	0	0	0
-22.48493	0	0	0	0	0
-22.47493	0	0	0	0	0
-22.46393	0	0	0	0	0
-22.45293	0	0	0	0	0
-22.44193	0	0	0	0	0
-22.43093	0	0	0	0	0
-22.42093	0	0	0	0	0
-22.40993	0	0	0	0	0
-22.39893	0	0	0	0	0
-22.38793	0	0	0	0	0
-22.37693	0	0	0	0	0
-22.36693	0	0	0	0	0
-22.35593	0	0	0	0	0
-22.34493	0	0	0	0	0
-22.33393	0	0	0	0	0
-22.32393	0	0	0	0	0
-22.31293	0	0	0	0	0
-22.30193	0	0	0	0	0
-22.29093	0	0	0	0	0
-22.27993	0	0	0	0	0
-22.26993	0	0	0	0	0
-22.25893	0	0	0	0	0
-22.24793	0	0	0	0	0
-22.23693	0	0	0	0	0
-22.22593	0	0	0	0	0
-22.21593	0	0	0	0	0
-22.20493	0	0	0	0	0
-22.19393	0	0	0	0	0
-22.18293	0	0	0	0	0
-22.17193	0	0	0	0	0
-22.16193	0	0	0	0	0
-22.15093	0	0	0	0	0
-22.13993	0	0	0	0	0
-22.12893	0	0	0	0	0
-22.11893	0	0	0	0	0
-22.10793	0	0	0	0	0
-22.09693	0	0	0	0	0
-22.08593	0	0	0	0	0
-22.07493	0	0	0	0	0
-22.06493	0	0	0	0	0
-22.05393	0	0	0	0	0
-22.04293	0	0	0	0	0
-22.03193	0	0	0	0	0
-22.02093	0	0	0	0	0
-22.01093	0	0	0	0	0
-21.99993	0	0	0	0	0
-21.98893	0	0	0	0	0
-21.97793	0	0	0	0	0
-21.96693	0	0	0	0	0
-21.95693	0	0	0	0	0
-21.94593	0	0	0	0	0
-21.93493	0	0	0	0	0
-21.92393	0	0	0	0	0
-21.91393	0	0	0	0	0
-21.90293	0	0	0	0	0
-21.89193	0	0	0	0	0
-21.88093	0	0	0	0	0
-21.86993	0	0	0	0	0
-21.85993	0	0	0	0	0
-21.84893	0	0	0	0	0
-21.83793	0	0	0	0	0
-21.82693	0	0	0	0	0
-21.81593	0	0	1E-5	0	0
-21.80593	0	0	2E-5	0	0
-21.79493	0	0	6E-5	0	0
-21.78393	0	0	1.5E-4	0	0
-21.77293	0	0	3.7E-4	0	0
-21.76293	0	0	8.1E-4	0	0
-21.75193	0	0	0.00162	0	0
-21.74093	0	0	0.00296	0	0
-21.72993	0	0	0.00491	0	0
-21.71893	0	0	0.00743	0	0
-21.70893	0	0	0.01025	0	0
-21.69793	0	0	0.0129	0	0
-21.68693	0	0	0.0148	0	0
-21.67593	0	0	0.01548	0	0
-21.66493	0	0	0.01477	0	0
-21.65493	0	0	0.01284	0	0
-21.64393	0	0	0.01018	0	0
-21.63293	0	0	0.00736	0	0
-21.62193	0	0	0.00485	0	0
-21.61093	0	0	0.00291	0	0
-21.60093	0	0	0.0016	0	0
-21.58993	0	0	8E-4	0	0
-21.57893	0	0	3.6E-4	0	0
-21.56793	0	0	1.5E-4	0	0
-21.55793	0	0	6E-5	0	0
-21.54693	0	0	2E-5	0	0
-21.53593	0	0	1E-5	0	0
-21.52493	0	0	0	0	0
-21.51393	0	0	0	0	0
-21.50393	0	0	0	0	0
-21.49293	0	0	0	0	0
-21.48193	0	0	0	0	0
-21.47093	0	0	0	0	0
-21.45993	0	0	0	0	0
-21.44993	0	0	0	0	0
-21.43893	0	0	0	0	0
-21.42793	0	0	0	0	0
-21.41693	0	0	0	0	0
-21.40593	0	0	0	0	0
-21.39593	0	0	0	0	0
-21.38493	0	1E-5	0	1E-5	0
-21.37393	0	1E-5	0	1E-5	0
-21.36293	0	3E-5	0	3E-5	0
-21.35293	0	5E-5	0	4E-5	0
-21.34193	0	8E-5	0	7E-5	0
-21.33093	0	1.1E-4	0	1.1E-4	0
-21.31993	0	1.5E-4	0	1.5E-4	0
-21.30893	0	1.9E-4	0	1.8E-4	0
-21.29893	0	2.1E-4	0	2E-4	0
-21.28793	0	2.1E-4	0	2.1E-4	0
-21.27693	0	1.9E-4	0	2E-4	0
-21.26593	0	1.6E-4	0	1.7E-4	0
-21.25493	0	1.2E-4	0	1.3E-4	0
-21.24493	0	9E-5	0	9E-5	0
-21.23393	0	6E-5	0	6E-5	0
-21.22293	0	3E-5	0	4E-5	0
-21.21193	0	2E-5	0	2E-5	0
-21.20093	0	1E-5	0	1E-5	0
-21.19093	0	0	0	0	0
-21.17993	0	0	0	0	0
-21.16893	0	0	0	0	0
-21.15793	0	0	0	0	0
-21.14793	0	0	0	0	0
-21.13693	0	0	0	0	0
-21.12593	0	0	0	0	0
-21.11493	0	0	0	0	0
-21.10393	0	0	0	0	0
-21.09393	0	0	0	0	0
-21.08293	0	0	0	0	0
-21.07193	0	0	0	0	0
-21.06093	0	0	0	0	0
-21.04993	0	0	0	0	0
-21.03993	0	0	0	0	0
-21.02893	0	0	0	0	0
-21.01793	0	0	0	0	0
-21.00693	0	0	0	0	0
-20.99593	0	0	0	0	0
-20.98593	0	0	0	0	0
-20.97493	0	0	0	0	0
-20.96393	0	0	0	0	0
-20.95293	0	0	0	0	0
-20.94293	0	0	0	0	0
-20.93193	0	0	0	0	0
-20.92093	0	0	0	0	0
-20.90993	0	0	0	0	0
-20.89893	0	0	0	0	0
-20.88893	0	0	0	0	0
-20.87793	0	0	0	0	0
-20.86693	0	0	0	0	0
-20.85593	0	0	0	0	0
-20.84493	0	0	0	0	0
-20.83493	0	0	0	0	0
-20.82393	0	0	0	0	0
-20.81293	0	0	0	0	0
-20.80193	0	0	0	0	0
-20.79093	0	0	0	0	0
-20.78093	0	0	0	0	0
-20.76993	0	0	0	0	0
-20.75893	0	0	0	0	0
-20.74793	0	0	0	0	0
-20.73793	0	0	0	0	0
-20.72693	0	0	0	0	0
-20.71593	0	0	0	0	0
-20.70493	0	0	0	0	0
-20.69393	0	0	0	0	0
-20.68393	0	0	0	0	0
-20.67293	0	0	0	0	0
-20.66193	0	0	0	0	0
-20.65093	0	0	0	0	0
-20.63993	1E-5	0	0	0	1E-5
-20.62993	2E-5	0	0	0	4E-5
-20.61893	6E-5	0	0	0	1.1E-4
-20.60793	1.5E-4	0	0	0	2.9E-4
-20.59693	3.7E-4	0	0	0	7.1E-4
-20.58593	8.4E-4	0	0	0	0.00159
-20.57593	0.00171	0	0	0	0.00325
-20.56493	0.00318	0	0	0	0.00605
-20.55393	0.0054	0	0	0	0.01027
-20.54293	0.00836	0	0	0	0.0159
-20.53293	0.0118	0	0	0	0.02243
-20.52193	0.01518	0	0	0	0.02887
-20.51093	0.01781	0	0	0	0.03387
-20.49993	0.01905	0	0	0	0.03622
-20.48893	0.01858	0	0	0	0.03533
-20.47893	0.01652	0	0	0	0.03141
-20.46793	0.01339	0	0	0	0.02546
-20.45693	0.0099	0	0	0	0.01882
-20.44593	0.00667	0	0	0	0.01268
-20.43493	0.0041	0	0	0	0.00779
-20.42493	0.0023	0	0	0	0.00436
-20.41393	0.00117	0	0	0	0.00223
-20.40293	5.5E-4	0	0	0	0.00104
-20.39193	2.3E-4	0	0	0	4.4E-4
-20.38093	9E-5	0	0	0	1.7E-4
-20.37093	3E-5	0	0	0	6E-5
-20.35993	1E-5	0	0	0	2E-5
-20.34893	0	0	0	0	1E-5
-20.33793	0	0	0	0	0
-20.32793	0	0	0	0	0
-20.31693	0	0	0	0	0
-20.30593	0	0	0	0	0
-20.29493	0	0	0	0	0
-20.28393	0	0	0	0	0
-20.27393	0	0	0	0	0
-20.26293	1E-5	0	0	0	0
-20.25193	3E-5	0	0	0	1E-5
-20.24093	6E-5	0	0	0	3E-5
-20.22993	1.4E-4	0	0	0	6E-5
-20.21993	2.8E-4	0	0	0	1.2E-4
-20.20893	5.1E-4	0	0	0	2.1E-4
-20.19793	8.5E-4	0	0	0	3.6E-4
-20.18693	0.00128	0	0	0	5.4E-4
-20.17593	0.00178	0	0	0	7.5E-4
-20.16593	0.00224	0	0	0	9.4E-4
-20.15493	0.00258	0	0	0	0.00108
-20.14393	0.0027	0	0	0	0.00114
-20.13293	0.00258	0	0	0	0.00109
-20.12293	0.00225	0	0	0	9.5E-4
-20.11193	0.00179	0	0	0	7.5E-4
-20.10093	0.00129	0	0	0	5.4E-4
-20.08993	8.5E-4	0	0	0	3.6E-4
-20.07893	5.1E-4	0	0	0	2.2E-4
-20.06893	2.8E-4	0	0	0	1.2E-4
-20.05793	1.4E-4	0	0	0	6E-5
-20.04693	6E-5	0	0	0	3E-5
-20.03593	3E-5	0	0	0	1E-5
-20.02493	1E-5	0	0	0	0
-20.01493	0	0	0	0	0
-20.00393	0	0	0	0	0
-19.99293	0	0	0	0	0
-19.98193	0	0	0	0	0
-19.97093	0	0	0	0	0
-19.96093	0	0	0	0	0
-19.94993	0	0	0	0	0
-19.93893	0	0	0	0	0
-19.92793	0	0	0	0	0
-19.91793	0	0	0	0	0
-19.90693	0	0	0	0	0
-19.89593	0	0	0	0	0
-19.88493	0	0	0	0	0
-19.87393	0	0	0	0	0
-19.86393	0	0	0	0	0
-19.85293	0	0	0	0	0
-19.84193	0	0	0	0	0
-19.83093	0	0	0	0	0
-19.81993	0	0	0	0	0
-19.80993	0	0	0	0	0
-19.79893	0	0	0	0	0
-19.78793	0	0	0	0	0
-19.77693	0	0	0	0	0
-19.76593	0	0	0	0	0
-19.75593	0	0	0	0	0
-19.74493	0	0	0	0	0
-19.73393	0	0	0	0	0
-19.72293	0	0	0	0	0
-19.71293	0	0	0	0	0
-19.70193	0	0	0	0	0
-19.69093	0	0	0	0	0
-19.67993	0	0	0	0	0
-19.66893	0	0	0	0	0
-19.65893	0	0	0	0	0
-19.64793	0	0	0	0	0
-19.63693	0	0	0	0	0
-19.62593	0	0	0	0	0
-19.61493	0	0	0	0	0
-19.60493	0	0	0	0	0
-19.59393	0	0	0	0	0
-19.58293	0	0	0	0	0
-19.57193	0	0	0	0	0
-19.56093	0	0	0	0	0
-19.55093	0	0	0	0	0
-19.53993	0	0	0	0	0
-19.52893	0	0	0	0	0
-19.51793	0	0	0	0	0
-19.50793	0	0	0	0	0
-19.49693	0	0	0	0	0
-19.48593	0	0	0	0	0
-19.47493	0	0	0	0	0
-19.46393	0	0	0	0	0
-19.45393	0	0	0	0	0
-19.44293	0	0	0	0	0
-19.43193	0	0	0	0	0
-19.42093	0	0	0	0	0
-19.40993	0	0	0	0	0
-19.39993	0	0	0	0	0
-19.38893	0	0	0	0	0
-19.37793	0	0	0	0	0
-19.36693	0	0	0	0	0
-19.35593	0	0	0	0	0
-19.34593	0	0	0	0	0
-19.33493	0	0	0	0	0
-19.32393	0	0	0	0	0
-19.31293	0	0	0	0	0
-19.30293	0	0	0	0	0
-19.29193	0	0	0	0	0
-19.28093	0	0	0	0	0
-19.26993	0	0	0	0	0
-19.25893	0	0	0	0	0
-19.24893	0	0	0	0	0
-19.23793	0	0	0	0	0
-19.22693	0	0	0	0	0
-19.21593	0	0	0	0	0
-19.20493	0	0	0	0	0
-19.19493	0	0	0	0	0
-19.18393	0	0	0	0	0
-19.17293	0	0	0	0	0
-19.16193	0	0	0	0	0
-19.15093	0	0	0	0	0
-19.14093	0	0	0	0	0
-19.12993	0	0	0	0	0
-19.11893	0	0	0	0	0
-19.10793	0	0	0	0	0
-19.09793	0	1E-5	0	1E-5	0
-19.08693	0	1E-5	0	1E-5	0
-19.07593	0	2E-5	0	2E-5	0
-19.06493	0	3E-5	0	3E-5	0
-19.05393	0	4E-5	0	4E-5	0
-19.04393	0	5E-5	0	5E-5	0
-19.03293	0	6E-5	0	6E-5	0
-19.02193	0	6E-5	0	6E-5	0
-19.01093	0	5E-5	0	6E-5	0
-18.99993	0	4E-5	0	5E-5	0
-18.98993	0	3E-5	0	4E-5	0
-18.97893	0	2E-5	0	2E-5	0
-18.96793	0	1E-5	0	2E-5	0
-18.95693	0	1E-5	0	1E-5	0
-18.94593	0	0	0	0	0
-18.93593	0	0	0	0	0
-18.92493	0	0	0	0	0
-18.91393	0	0	0	0	0
-18.90293	0	0	1E-5	0	0
-18.89293	0	0	1E-5	0	0
-18.88193	0	0	1E-5	0	0
-18.87093	0	0	1E-5	0	0
-18.85993	0	0	1E-5	0	0
-18.84893	0	0	1E-5	0	0
-18.83893	0	0	1E-5	0	0
-18.82793	0	0	1E-5	0	0
-18.81693	0	0	1E-5	0	0
-18.80593	0	0	1E-5	0	0
-18.79493	0	0	2E-5	0	0
-18.78493	0	0	2E-5	0	0
-18.77393	0	0	3E-5	0	0
-18.76293	0	0	4E-5	0	0
-18.75193	0	0	5E-5	0	0
-18.74093	0	0	5E-5	0	0
-18.73093	0	0	5E-5	0	0
-18.71993	0	0	5E-5	0	0
-18.70893	0	0	4E-5	0	0
-18.69793	0	0	4E-5	0	0
-18.68793	0	0	3E-5	0	0
-18.67693	0	0	4E-5	0	0
-18.66593	0	0	4E-5	0	0
-18.65493	0	0	5E-5	0	0
-18.64393	0	0	5E-5	0	0
-18.63393	0	0	5E-5	0	0
-18.62293	0	0	5E-5	0	0
-18.61193	0	0	4E-5	0	0
-18.60093	0	0	3E-5	0	0
-18.58993	0	0	2E-5	0	0
-18.57993	0	0	1E-5	0	0
-18.56893	0	0	1E-5	0	0
-18.55793	0	0	0	0	0
-18.54693	0	0	0	0	0
-18.53693	0	0	0	0	0
-18.52593	0	0	0	0	0
-18.51493	0	0	0	0	0
-18.50393	0	0	0	0	0
-18.49293	0	0	0	0	0
-18.48293	0	0	1E-5	0	0
-18.47193	0	0	1E-5	0	0
-18.46093	0	0	1E-5	0	1E-5
-18.44993	0	0	1E-5	0	1E-5
-18.43893	0	0	2E-5	0	1E-5
-18.42893	0	0	2E-5	0	1E-5
-18.41793	1E-5	0	2E-5	0	1E-5
-18.40693	1E-5	0	3E-5	0	1E-5
-18.39593	1E-5	0	3E-5	0	2E-5
-18.38493	1E-5	0	5E-5	0	2E-5
-18.37493	1E-5	0	9E-5	0	2E-5
-18.36393	1E-5	0	1.5E-4	0	3E-5
-18.35293	1E-5	0	2.8E-4	0	3E-5
-18.34193	1E-5	0	5E-4	0	3E-5
-18.33193	1E-5	0	8.6E-4	0	2E-5
-18.32093	1E-5	0	0.00136	0	2E-5
-18.30993	1E-5	0	0.00198	0	2E-5
-18.29893	1E-5	0	0.00265	0	1E-5
-18.28793	0	0	0.00324	0	1E-5
-18.27793	0	0	0.00363	0	0
-18.26693	0	0	0.00369	0	0
-18.25593	0	0	0.00344	0	0
-18.24493	0	0	0.00291	0	0
-18.23393	0	0	0.00225	0	0
-18.22393	0	0	0.00159	0	0
-18.21293	0	0	0.00102	0	0
-18.20193	0	0	6E-4	0	0
-18.19093	0	0	3.2E-4	0	0
-18.17993	0	0	1.6E-4	0	0
-18.16993	0	0	7E-5	0	0
-18.15893	0	0	3E-5	0	0
-18.14793	0	0	1E-5	0	0
-18.13693	0	0	0	0	0
-18.12693	0	0	0	0	0
-18.11593	0	0	0	0	0
-18.10493	0	0	1E-5	0	0
-18.09393	0	0	2E-5	0	0
-18.08293	0	0	4E-5	0	0
-18.07293	0	0	7E-5	0	0
-18.06193	0	0	1.3E-4	0	0
-18.05093	0	0	2.3E-4	0	1E-5
-18.03993	1E-5	0	3.7E-4	0	2E-5
-18.02893	2E-5	0	5.8E-4	0	4E-5
-18.01893	5E-5	0	8.6E-4	0	1E-4
-18.00793	1.2E-4	0	0.00126	0	2.3E-4
-17.99693	2.5E-4	1E-5	0.00181	1E-5	4.7E-4
-17.98593	4.7E-4	2E-5	0.0026	1E-5	8.9E-4
-17.97493	8.4E-4	3E-5	0.00373	2E-5	0.00156
-17.96493	0.00137	4E-5	0.00525	4E-5	0.00256
-17.95393	0.00208	5E-5	0.0071	5E-5	0.00389
-17.94293	0.00296	7E-5	0.00908	7E-5	0.00551
-17.93193	0.00392	8E-5	0.01088	8E-5	0.00729
-17.92193	0.00485	9E-5	0.01212	9E-5	0.00902
-17.91093	0.00561	1E-4	0.01256	1E-4	0.01042
-17.89993	0.00606	9E-5	0.01212	1E-4	0.01126
-17.88893	0.00612	8E-5	0.01094	9E-5	0.01137
-17.87793	0.00578	7E-5	0.00929	7E-5	0.01075
-17.86793	0.00512	6E-5	0.00747	6E-5	0.00952
-17.85693	0.00426	4E-5	0.00571	5E-5	0.00793
-17.84593	0.00334	3E-5	0.00419	3E-5	0.00623
-17.83493	0.00248	2E-5	0.00298	3E-5	0.00464
-17.82393	0.00175	2E-5	0.00213	2E-5	0.00328
-17.81393	0.00118	1E-5	0.00161	1E-5	0.00221
-17.80293	7.5E-4	1E-5	0.00139	1E-5	0.00142
-17.79193	4.6E-4	1E-5	0.0014	1E-5	8.7E-4
-17.78093	2.7E-4	0	0.00155	1E-5	5.1E-4
-17.76993	1.7E-4	0	0.00172	0	3.1E-4
-17.75993	1.2E-4	0	0.00185	0	2.1E-4
-17.74893	1E-4	0	0.00186	0	1.9E-4
-17.73793	1.2E-4	0	0.00176	0	2.1E-4
-17.72693	1.5E-4	0	0.00156	0	2.6E-4
-17.71693	1.8E-4	0	0.00131	0	3.2E-4
-17.70593	2.1E-4	0	0.00105	0	3.7E-4
-17.69493	2.3E-4	0	8.1E-4	0	4E-4
-17.68393	2.3E-4	0	6.1E-4	0	4E-4
-17.67293	2.1E-4	0	4.4E-4	0	3.7E-4
-17.66293	1.9E-4	0	3.2E-4	0	3.3E-4
-17.65193	1.6E-4	0	2.2E-4	0	2.8E-4
-17.64093	1.4E-4	0	1.6E-4	0	2.3E-4
-17.62993	1.2E-4	0	1.2E-4	0	2E-4
-17.61893	1E-4	0	1E-4	0	1.8E-4
-17.60893	1E-4	0	9E-5	0	1.7E-4
-17.59793	9E-5	0	9E-5	0	1.5E-4
-17.58693	8E-5	0	1E-4	0	1.4E-4
-17.57593	6E-5	0	1E-4	0	1.2E-4
-17.56493	5E-5	0	1E-4	0	1E-4
-17.55493	4E-5	1E-5	9E-5	1E-5	8E-5
-17.54393	3E-5	1E-5	8E-5	1E-5	6E-5
-17.53293	2E-5	1E-5	7E-5	1E-5	5E-5
-17.52193	2E-5	1E-5	5E-5	1E-5	4E-5
-17.51193	1E-5	1E-5	4E-5	1E-5	3E-5
-17.50093	1E-5	1E-5	3E-5	1E-5	2E-5
-17.48993	1E-5	0	2E-5	0	2E-5
-17.47893	0	0	2E-5	0	1E-5
-17.46793	0	0	2E-5	0	1E-5
-17.45793	0	0	2E-5	0	1E-5
-17.44693	0	0	2E-5	0	0
-17.43593	0	0	2E-5	0	1E-5
-17.42493	0	0	3E-5	0	1E-5
-17.41393	0	0	3E-5	0	1E-5
-17.40393	1E-5	0	4E-5	0	1E-5
-17.39293	1E-5	0	4E-5	0	1E-5
-17.38193	1E-5	0	4E-5	0	2E-5
-17.37093	1E-5	0	4E-5	0	2E-5
-17.35993	1E-5	0	4E-5	0	1E-5
-17.34993	0	0	4E-5	0	1E-5
-17.33893	0	0	4E-5	0	1E-5
-17.32793	0	0	3E-5	0	1E-5
-17.31693	0	0	3E-5	0	0
-17.30693	0	0	3E-5	0	0
-17.29593	0	0	3E-5	0	0
-17.28493	0	0	2E-5	0	0
-17.27393	0	0	2E-5	0	0
-17.26293	0	0	1E-5	0	0
-17.25293	0	0	1E-5	0	0
-17.24193	0	0	1E-5	0	0
-17.23093	0	0	0	0	0
-17.21993	0	0	0	0	0
-17.20893	0	0	0	0	0
-17.19893	0	0	0	0	0
-17.18793	0	0	0	0	0
-17.17693	0	0	0	0	0
-17.16593	0	0	0	0	0
-17.15493	0	0	0	0	0
-17.14493	0	0	0	0	0
-17.13393	0	0	0	0	0
-17.12293	0	0	0	0	0
-17.11193	0	0	0	0	0
-17.10193	0	0	0	0	0
-17.09093	0	0	0	0	0
-17.07993	0	0	0	0	0
-17.06893	0	0	0	0	0
-17.05793	0	0	0	0	0
-17.04793	0	0	0	0	0
-17.03693	0	0	0	0	0
-17.02593	0	0	0	0	0
-17.01493	0	0	0	0	0
-17.00393	0	0	0	0	0
-16.99393	0	0	0	0	0
-16.98293	0	0	0	0	0
-16.97193	0	0	0	0	0
-16.96093	0	0	0	0	0
-16.94993	0	0	0	0	0
-16.93993	0	0	0	0	0
-16.92893	0	0	0	0	0
-16.91793	0	0	0	0	0
-16.90693	0	0	0	0	0
-16.89693	0	0	0	0	0
-16.88593	0	0	0	0	0
-16.87493	0	0	0	0	0
-16.86393	0	0	0	0	0
-16.85293	0	0	0	0	0
-16.84293	0	0	0	0	0
-16.83193	0	0	0	0	0
-16.82093	0	0	0	0	0
-16.80993	0	0	0	0	0
-16.79893	0	0	0	0	0
-16.78893	0	0	0	0	0
-16.77793	0	0	0	0	0
-16.76693	0	0	0	0	0
-16.75593	0	0	0	0	0
-16.74493	0	0	0	0	0
-16.73493	0	0	0	0	0
-16.72393	0	0	0	0	0
-16.71293	0	0	0	0	0
-16.70193	0	0	0	0	0
-16.69193	0	0	0	0	0
-16.68093	0	0	0	0	0
-16.66993	0	0	0	0	0
-16.65893	0	0	0	0	0
-16.64793	0	0	0	0	0
-16.63793	0	0	0	0	0
-16.62693	0	0	0	0	0
-16.61593	0	0	0	0	0
-16.60493	0	0	0	0	0
-16.59393	0	0	0	0	0
-16.58393	0	0	0	0	0
-16.57293	0	0	0	0	0
-16.56193	0	0	0	0	0
-16.55093	0	0	0	0	0
-16.53993	0	0	0	0	0
-16.52993	0	0	0	0	0
-16.51893	0	0	0	0	0
-16.50793	0	0	0	0	0
-16.49693	0	0	0	0	0
-16.48693	0	0	0	0	0
-16.47593	0	0	0	0	0
-16.46493	0	0	0	0	0
-16.45393	0	0	0	0	0
-16.44293	0	0	0	0	0
-16.43293	0	0	0	0	0
-16.42193	0	0	0	0	0
-16.41093	0	0	0	0	0
-16.39993	0	0	0	0	0
-16.38893	0	0	0	0	0
-16.37893	0	0	0	0	0
-16.36793	0	0	0	0	0
-16.35693	0	0	0	0	0
-16.34593	0	0	0	0	0
-16.33493	0	0	0	0	0
-16.32493	0	0	0	0	0
-16.31393	0	0	0	0	0
-16.30293	0	0	0	0	0
-16.29193	0	0	0	0	0
-16.28193	0	0	0	0	0
-16.27093	0	0	0	0	0
-16.25993	0	0	0	0	0
-16.24893	0	0	0	0	0
-16.23793	0	0	0	0	0
-16.22793	0	0	0	0	0
-16.21693	0	0	0	0	0
-16.20593	0	0	0	0	0
-16.19493	0	0	0	0	0
-16.18393	0	0	0	0	0
-16.17393	0	0	0	0	0
-16.16293	0	0	0	0	0
-16.15193	0	0	0	0	0
-16.14093	0	0	0	0	0
-16.12993	0	0	0	0	0
-16.11993	0	0	0	0	0
-16.10893	0	0	0	0	0
-16.09793	0	0	0	0	0
-16.08693	0	0	0	0	0
-16.07693	0	0	0	0	0
-16.06593	0	0	0	0	0
-16.05493	0	0	0	0	0
-16.04393	0	0	0	0	0
-16.03293	0	0	0	0	0
-16.02293	0	0	0	0	0
-16.01193	0	0	0	0	0
-16.00093	0	0	0	0	0
-15.98993	0	0	0	0	0
-15.97893	0	0	0	0	0
-15.96893	0	0	0	0	0
-15.95793	0	0	0	0	0
-15.94693	0	0	0	0	0
-15.93593	0	0	0	0	0
-15.92493	0	0	0	0	0
-15.91493	0	0	0	0	0
-15.90393	0	0	0	0	0
-15.89293	0	0	0	0	0
-15.88193	0	0	0	0	0
-15.87193	0	0	0	0	0
-15.86093	0	0	0	0	0
-15.84993	0	0	0	0	0
-15.83893	0	0	0	0	0
-15.82793	0	0	0	0	0
-15.81793	0	0	0	0	0
-15.80693	0	0	1E-5	0	0
-15.79593	0	0	1E-5	0	0
-15.78493	0	0	1E-5	0	0
-15.77393	0	0	1E-5	0	0
-15.76393	0	0	1E-5	0	0
-15.75293	0	0	1E-5	0	0
-15.74193	0	0	1E-5	0	0
-15.73093	0	0	0	0	0
-15.71993	0	0	0	0	0
-15.70993	0	0	0	0	0
-15.69893	0	0	0	0	0
-15.68793	0	0	0	0	0
-15.67693	0	0	1E-5	0	0
-15.66693	0	0	3E-5	0	0
-15.65593	0	0	8E-5	0	0
-15.64493	0	0	2.2E-4	0	0
-15.63393	0	0	5.3E-4	0	0
-15.62293	0	0	0.00117	0	0
-15.61293	0	0	0.00235	0	0
-15.60193	0	0	0.00433	0	0
-15.59093	0	1E-5	0.00726	1E-5	0
-15.57993	0	2E-5	0.0111	2E-5	0
-15.56893	0	3E-5	0.01547	3E-5	0
-15.55893	0	6E-5	0.01966	6E-5	0
-15.54793	0	1E-4	0.02278	9E-5	0
-15.53693	0	1.4E-4	0.02407	1.4E-4	1E-5
-15.52593	1E-5	1.9E-4	0.02319	1.8E-4	2E-5
-15.51493	3E-5	2.3E-4	0.02037	2.3E-4	6E-5
-15.50493	9E-5	2.6E-4	0.01632	2.6E-4	1.8E-4
-15.49393	2.5E-4	2.6E-4	0.01192	2.6E-4	4.6E-4
-15.48293	5.9E-4	2.5E-4	0.00794	2.5E-4	0.00109
-15.47193	0.0013	2.1E-4	0.00483	2.1E-4	0.0024
-15.46193	0.0026	1.7E-4	0.00267	1.7E-4	0.0048
-15.45093	0.00475	1.3E-4	0.00135	1.3E-4	0.00876
-15.43993	0.00791	1E-4	6.3E-4	1E-4	0.01459
-15.42893	0.01201	8E-5	2.6E-4	8E-5	0.02216
-15.41793	0.01663	8E-5	1E-4	8E-5	0.03069
-15.40793	0.02101	8E-5	4E-5	8E-5	0.03876
-15.39693	0.02419	8E-5	2E-5	9E-5	0.04464
-15.38593	0.0254	9E-5	1E-5	9E-5	0.0469
-15.37493	0.02432	8E-5	0	8E-5	0.04493
-15.36393	0.02124	7E-5	0	7E-5	0.03928
-15.35393	0.01692	5E-5	0	6E-5	0.03135
-15.34293	0.01229	4E-5	0	4E-5	0.02287
-15.33193	0.00815	3E-5	0	3E-5	0.01527
-15.32093	0.00494	2E-5	0	2E-5	0.00937
-15.30993	0.00274	1E-5	0	1E-5	0.00532
-15.29993	0.00139	0	0	0	0.00282
-15.28893	6.5E-4	0	0	0	0.00142
-15.27793	2.8E-4	0	0	0	6.9E-4
-15.26693	1.2E-4	0	0	0	3.4E-4
-15.25693	5E-5	0	0	0	1.6E-4
-15.24593	2E-5	0	0	0	8E-5
-15.23493	1E-5	0	0	0	4E-5
-15.22393	0	0	0	0	2E-5
-15.21293	0	0	0	0	1E-5
-15.20293	0	0	0	0	0
-15.19193	0	0	0	0	0
-15.18093	0	0	0	0	0
-15.16993	0	0	0	0	0
-15.15893	0	0	0	0	0
-15.14893	0	0	0	0	0
-15.13793	0	0	0	0	0
-15.12693	0	0	0	0	0
-15.11593	0	0	0	0	0
-15.10593	0	0	0	0	0
-15.09493	0	0	0	0	0
-15.08393	0	0	0	0	0
-15.07293	0	0	0	0	0
-15.06193	0	0	0	0	0
-15.05193	0	0	0	0	0
-15.04093	0	0	0	0	0
-15.02993	0	0	0	0	0
-15.01893	0	0	0	0	0
-15.00793	0	0	0	0	0
-14.99793	0	0	0	0	0
-14.98693	0	0	0	0	0
-14.97593	0	0	0	0	0
-14.96493	0	0	0	0	0
-14.95393	0	0	0	0	0
-14.94393	0	0	0	0	0
-14.93293	0	0	0	0	0
-14.92193	0	0	0	0	0
-14.91093	0	0	0	0	0
-14.90093	0	0	0	0	0
-14.88993	0	0	0	0	0
-14.87893	0	0	0	0	0
-14.86793	0	0	0	0	0
-14.85693	0	0	0	0	0
-14.84693	0	0	0	0	0
-14.83593	0	0	0	0	0
-14.82493	0	0	0	0	0
-14.81393	0	0	0	0	0
-14.80293	0	0	0	0	0
-14.79293	0	0	0	0	0
-14.78193	0	0	0	0	0
-14.77093	0	0	0	0	0
-14.75993	0	0	0	0	0
-14.74893	0	0	0	0	0
-14.73893	0	0	0	0	0
-14.72793	0	0	0	0	0
-14.71693	0	0	0	0	0
-14.70593	0	0	0	0	0
-14.69593	0	0	0	0	0
-14.68493	0	0	0	0	0
-14.67393	0	0	0	0	0
-14.66293	0	0	0	0	0
-14.65193	0	0	0	0	0
-14.64193	0	0	0	0	0
-14.63093	0	0	0	0	0
-14.61993	0	0	0	0	0
-14.60893	0	0	0	0	0
-14.59793	0	0	0	0	0
-14.58793	0	0	0	0	0
-14.57693	0	0	0	0	0
-14.56593	0	0	0	0	0
-14.55493	0	0	0	0	0
-14.54393	0	0	0	0	0
-14.53393	0	0	0	0	0
-14.52293	0	0	0	0	0
-14.51193	0	0	0	0	0
-14.50093	0	0	0	0	0
-14.49093	0	0	0	0	0
-14.47993	0	0	0	0	0
-14.46893	0	0	0	0	0
-14.45793	0	0	0	0	0
-14.44693	0	0	0	0	0
-14.43693	0	0	0	0	0
-14.42593	0	0	0	0	0
-14.41493	0	0	0	0	0
-14.40393	0	0	0	0	0
-14.39293	0	0	0	0	0
-14.38293	0	0	0	0	0
-14.37193	0	0	0	0	0
-14.36093	0	0	0	0	0
-14.34993	0	0	0	0	0
-14.33893	0	0	0	0	0
-14.32893	0	0	0	0	0
-14.31793	0	0	0	0	0
-14.30693	0	0	0	0	0
-14.29593	0	0	0	0	0
-14.28593	0	0	0	0	0
-14.27493	0	0	0	0	0
-14.26393	0	0	0	0	0
-14.25293	0	0	0	0	0
-14.24193	0	0	0	0	0
-14.23193	0	0	0	0	0
-14.22093	0	0	0	0	0
-14.20993	0	0	0	0	0
-14.19893	0	0	0	0	0
-14.18793	0	0	0	0	0
-14.17793	0	0	0	0	0
-14.16693	0	0	0	0	0
-14.15593	0	0	0	0	0
-14.14493	0	0	0	0	0
-14.13393	0	0	0	0	0
-14.12393	0	0	0	0	0
-14.11293	0	0	0	0	0
-14.10193	0	0	0	0	0
-14.09093	0	0	0	0	0
-14.08093	0	0	0	0	0
-14.06993	0	0	0	0	0
-14.05893	0	0	0	0	0
-14.04793	0	0	0	0	0
-14.03693	0	0	0	0	0
-14.02693	0	0	0	0	0
-14.01593	0	0	0	0	0
-14.00493	0	0	0	0	0
-13.99393	0	0	0	0	0
-13.98293	0	0	0	0	0
-13.97293	0	0	0	0	0
-13.96193	0	0	0	0	0
-13.95093	0	0	0	0	0
-13.93993	0	0	0	0	0
-13.92893	0	0	0	0	0
-13.91893	0	0	0	0	0
-13.90793	0	0	0	0	0
-13.89693	0	0	0	0	0
-13.88593	0	0	0	0	0
-13.87593	0	0	0	0	0
-13.86493	0	0	0	0	0
-13.85393	0	0	0	0	0
-13.84293	0	0	0	0	0
-13.83193	0	0	0	0	0
-13.82193	0	0	0	0	0
-13.81093	0	0	0	0	0
-13.79993	0	0	0	0	0
-13.78893	0	0	0	0	0
-13.77793	0	0	0	0	0
-13.76793	0	0	0	0	0
-13.75693	0	0	0	0	0
-13.74593	0	0	0	0	0
-13.73493	0	1E-5	0	1E-5	0
-13.72393	0	1E-5	0	1E-5	0
-13.71393	0	2E-5	0	2E-5	0
-13.70293	0	3E-5	0	3E-5	0
-13.69193	0	4E-5	0	4E-5	0
-13.68093	0	5E-5	0	5E-5	0
-13.67093	0	6E-5	0	5E-5	0
-13.65993	0	6E-5	0	6E-5	0
-13.64893	0	6E-5	0	5E-5	0
-13.63793	0	5E-5	0	5E-5	0
-13.62693	0	4E-5	0	4E-5	0
-13.61693	0	3E-5	0	3E-5	0
-13.60593	0	2E-5	0	2E-5	0
-13.59493	0	1E-5	0	1E-5	0
-13.58393	0	1E-5	0	1E-5	0
-13.57293	0	0	0	0	0
-13.56293	0	0	0	0	0
-13.55193	0	0	0	0	0
-13.54093	0	0	0	0	0
-13.52993	0	0	0	0	0
-13.51893	0	0	0	0	0
-13.50893	0	0	0	0	0
-13.49793	0	0	0	0	0
-13.48693	0	0	0	0	0
-13.47593	0	0	0	0	0
-13.46593	0	0	0	0	0
-13.45493	0	0	0	0	0
-13.44393	0	0	0	0	0
-13.43293	0	0	0	0	0
-13.42193	0	0	0	0	0
-13.41193	0	0	0	0	0
-13.40093	0	0	0	0	0
-13.38993	0	0	0	0	0
-13.37893	0	0	0	0	0
-13.36793	0	0	0	0	0
-13.35793	0	0	0	0	0
-13.34693	0	0	0	0	0
-13.33593	0	0	0	0	0
-13.32493	0	0	0	0	0
-13.31393	0	0	0	0	0
-13.30393	0	0	0	0	0
-13.29293	0	0	0	0	0
-13.28193	0	0	0	0	0
-13.27093	0	0	0	0	0
-13.26093	0	0	0	0	0
-13.24993	0	0	0	0	0
-13.23893	0	0	0	0	0
-13.22793	0	0	0	0	0
-13.21693	0	0	0	0	0
-13.20693	0	0	0	0	0
-13.19593	0	0	0	0	0
-13.18493	0	0	0	0	0
-13.17393	0	0	0	0	0
-13.16293	0	0	0	0	0
-13.15293	0	0	0	0	0
-13.14193	0	0	0	0	0
-13.13093	0	0	0	0	0
-13.11993	0	0	0	0	0
-13.10893	0	0	0	0	0
-13.09893	0	0	0	0	0
-13.08793	0	0	0	0	0
-13.07693	0	0	0	0	0
-13.06593	0	0	0	0	0
-13.05593	0	0	0	0	0
-13.04493	0	0	0	0	0
-13.03393	0	0	0	0	0
-13.02293	0	0	0	0	0
-13.01193	0	0	0	0	0
-13.00193	0	0	0	0	0
-12.99093	0	0	0	0	0
-12.97993	0	0	0	0	0
-12.96893	0	0	0	0	0
-12.95793	0	0	0	0	0
-12.94793	0	0	0	0	0
-12.93693	0	0	0	0	0
-12.92593	0	0	0	0	0
-12.91493	0	0	0	0	0
-12.90393	0	0	0	0	0
-12.89393	0	0	0	0	0
-12.88293	0	0	0	0	0
-12.87193	0	0	0	0	0
-12.86093	0	0	0	0	0
-12.85093	0	0	0	0	0
-12.83993	0	0	0	0	0
-12.82893	0	0	0	0	0
-12.81793	0	0	0	0	0
-12.80693	0	0	0	0	0
-12.79693	0	0	0	0	0
-12.78593	0	0	0	0	0
-12.77493	0	0	0	0	0
-12.76393	0	0	0	0	0
-12.75293	0	0	0	0	0
-12.74293	0	0	0	0	0
-12.73193	0	0	0	0	0
-12.72093	0	0	0	0	0
-12.70993	0	0	0	0	0
-12.69893	0	0	0	0	0
-12.68893	0	0	0	0	0
-12.67793	0	0	0	0	0
-12.66693	0	0	0	0	0
-12.65593	0	0	0	0	0
-12.64593	0	0	0	0	0
-12.63493	0	0	0	0	0
-12.62393	0	0	0	0	0
-12.61293	0	0	0	0	0
-12.60193	0	0	0	0	0
-12.59193	0	0	0	0	0
-12.58093	0	0	0	0	0
-12.56993	1E-5	0	0	0	1E-5
-12.55893	2E-5	0	0	0	3E-5
-12.54793	5E-5	0	0	0	1E-4
-12.53793	1.5E-4	0	0	0	2.7E-4
-12.52693	3.8E-4	0	0	0	7.1E-4
-12.51593	9E-4	0	0	0	0.00166
-12.50493	0.00192	0	0	0	0.00354
-12.49393	0.00375	0	0	0	0.0069
-12.48393	0.00665	0	1E-5	0	0.01226
-12.47293	0.01078	0	4E-5	0	0.01987
-12.46193	0.01592	0	1.1E-4	0	0.02935
-12.45093	0.02145	0	3.1E-4	0	0.03952
-12.44093	0.02633	0	7.8E-4	0	0.04853
-12.42993	0.02948	0	0.00178	0	0.05433
-12.41893	0.03009	0	0.00371	0	0.05545
-12.40793	0.028	0	0.00705	0	0.0516
-12.39693	0.02376	0	0.01223	0	0.04378
-12.38693	0.01838	0	0.01932	0	0.03387
-12.37593	0.01296	0	0.02785	0	0.02389
-12.36493	0.00834	0	0.03658	0	0.01536
-12.35393	0.00489	0	0.04382	0	0.009
-12.34293	0.00261	0	0.04786	0	0.00481
-12.33293	0.00127	0	0.04765	0	0.00235
-12.32193	5.7E-4	0	0.04326	0	0.00104
-12.31093	2.3E-4	0	0.0358	0	4.2E-4
-12.29993	9E-5	0	0.02702	0	1.6E-4
-12.28893	3E-5	1E-5	0.01859	1E-5	5E-5
-12.27893	1E-5	2E-5	0.01166	2E-5	2E-5
-12.26793	0	5E-5	0.00667	4E-5	0
-12.25693	0	9E-5	0.00348	8E-5	0
-12.24593	0	1.4E-4	0.00166	1.4E-4	0
-12.23593	0	2.2E-4	7.2E-4	2.1E-4	0
-12.22493	0	3.1E-4	2.9E-4	3E-4	0
-12.21393	0	3.9E-4	1.1E-4	3.8E-4	0
-12.20293	0	4.6E-4	4E-5	4.5E-4	0
-12.19193	0	4.8E-4	2E-5	4.9E-4	0
-12.18193	0	4.7E-4	1E-5	4.8E-4	0
-12.17093	0	4.1E-4	1E-5	4.2E-4	0
-12.15993	0	3.3E-4	0	3.4E-4	0
-12.14893	0	2.4E-4	0	2.6E-4	0
-12.13793	0	1.6E-4	0	1.7E-4	0
-12.12793	0	1E-4	0	1.1E-4	0
-12.11693	0	5E-5	0	6E-5	0
-12.10593	0	3E-5	0	3E-5	0
-12.09493	0	1E-5	0	1E-5	0
-12.08393	0	1E-5	0	1E-5	0
-12.07393	1E-5	0	0	0	0
-12.06293	2E-5	0	0	0	0
-12.05193	4E-5	0	0	0	1E-5
-12.04093	7E-5	0	0	0	2E-5
-12.03093	1.3E-4	0	0	0	4E-5
-12.01993	2.1E-4	0	0	0	6E-5
-12.00893	3.1E-4	0	0	0	1.1E-4
-11.99793	4.4E-4	0	0	0	2.1E-4
-11.98693	6.1E-4	0	0	0	4E-4
-11.97693	8.5E-4	0	0	0	7.9E-4
-11.96593	0.00122	0	0	0	0.00153
-11.95493	0.00183	0	0	0	0.00283
-11.94393	0.00278	0	0	0	0.00489
-11.93293	0.00414	0	0	0	0.0078
-11.92293	0.00585	0	0	0	0.01141
-11.91193	0.00769	0	0	0	0.01527
-11.90093	0.00932	0	0	0	0.01864
-11.88993	0.01034	0	0	0	0.02077
-11.87893	0.01049	0	0	0	0.02111
-11.86893	0.00971	0	0	0	0.01956
-11.85793	0.0082	0	0	0	0.01652
-11.84693	0.00631	0	0	0	0.01273
-11.83593	0.00443	0	0	0	0.00894
-11.82593	0.00284	0	0	0	0.00572
-11.81493	0.00166	0	0	0	0.00334
-11.80393	8.8E-4	0	0	0	0.00178
-11.79293	4.3E-4	0	0	0	8.6E-4
-11.78193	1.9E-4	0	0	0	3.8E-4
-11.77193	8E-5	0	0	0	1.5E-4
-11.76093	3E-5	0	0	0	6E-5
-11.74993	1E-5	0	0	0	2E-5
-11.73893	0	0	0	0	1E-5
-11.72793	0	0	0	0	0
-11.71793	0	0	0	0	0
-11.70693	0	0	0	0	0
-11.69593	0	0	0	0	0
-11.68493	0	0	0	0	0
-11.67493	0	0	0	0	0
-11.66393	0	0	0	0	0
-11.65293	0	0	0	0	0
-11.64193	0	0	0	0	0
-11.63093	0	0	0	0	0
-11.62093	0	0	0	0	0
-11.60993	0	0	0	0	0
-11.59893	0	0	0	0	0
-11.58793	0	0	0	0	0
-11.57693	0	0	0	0	0
-11.56693	0	0	0	0	0
-11.55593	0	0	0	0	0
-11.54493	0	0	0	0	0
-11.53393	0	0	0	0	0
-11.52293	0	0	0	0	0
-11.51293	0	0	0	0	0
-11.50193	0	0	0	0	0
-11.49093	0	0	0	0	0
-11.47993	0	0	0	0	0
-11.46993	0	0	0	0	0
-11.45893	0	0	0	0	0
-11.44793	0	0	0	0	0
-11.43693	0	0	0	0	0
-11.42593	0	0	0	0	0
-11.41593	0	0	0	0	0
-11.40493	0	0	0	0	0
-11.39393	0	0	0	0	0
-11.38293	0	0	0	0	0
-11.37193	0	0	0	0	0
-11.36193	0	0	0	0	0
-11.35093	0	0	0	0	0
-11.33993	0	1E-5	0	0	0
-11.32893	0	1E-5	0	1E-5	0
-11.31793	0	1E-5	0	1E-5	0
-11.30793	0	2E-5	0	2E-5	0
-11.29693	0	3E-5	0	2E-5	0
-11.28593	0	3E-5	0	3E-5	0
-11.27493	0	4E-5	0	3E-5	0
-11.26493	0	4E-5	0	3E-5	0
-11.25393	0	3E-5	0	3E-5	0
-11.24293	0	3E-5	0	2E-5	0
-11.23193	0	2E-5	0	2E-5	0
-11.22093	0	2E-5	0	1E-5	0
-11.21093	0	1E-5	0	1E-5	0
-11.19993	0	1E-5	0	0	0
-11.18893	1E-5	0	0	0	1E-5
-11.17793	4E-5	0	0	0	2E-5
-11.16693	1.3E-4	0	0	0	7E-5
-11.15693	3.7E-4	0	0	0	2E-4
-11.14593	9.6E-4	0	0	0	5.2E-4
-11.13493	0.00231	0	0	0	0.00125
-11.12393	0.00507	0	0	0	0.00273
-11.11293	0.01013	0	0	0	0.00545
-11.10293	0.01844	0	0	0	0.00992
-11.09193	0.03062	0	0	0	0.01647
-11.08093	0.04635	0	0	0	0.02493
-11.06993	0.06397	0	0	0	0.0344
-11.05993	0.0805	0	0	0	0.04329
-11.04893	0.09235	0	0	0	0.04967
-11.03793	0.0966	0	0	0	0.05195
-11.02693	0.09213	0	0	0	0.04955
-11.01593	0.08011	0	0	0	0.04308
-11.00593	0.06352	0	0	0	0.03416
-10.99493	0.04592	0	0	0	0.02469
-10.98393	0.03026	0	0	0	0.01627
-10.97293	0.01819	0	0	0	0.00978
-10.96193	0.00997	0	0	0	0.00536
-10.95193	0.00498	0	0	0	0.00268
-10.94093	0.00227	0	0	0	0.00122
-10.92993	9.4E-4	0	0	0	5.1E-4
-10.91893	3.6E-4	0	0	0	1.9E-4
-10.90793	1.2E-4	0	0	0	7E-5
-10.89793	4E-5	0	0	0	2E-5
-10.88693	1E-5	0	0	0	1E-5
-10.87593	0	0	0	0	0
-10.86493	0	0	0	0	0
-10.85493	0	0	0	0	0
-10.84393	0	0	0	0	0
-10.83293	0	0	0	0	0
-10.82193	0	0	0	0	0
-10.81093	0	0	0	0	0
-10.80093	0	0	0	0	0
-10.78993	0	0	0	0	0
-10.77893	0	0	0	0	0
-10.76793	0	0	0	0	0
-10.75693	0	0	0	0	0
-10.74693	0	0	0	0	0
-10.73593	0	0	0	0	0
-10.72493	0	0	0	0	0
-10.71393	0	0	0	0	0
-10.70293	0	0	0	0	0
-10.69293	0	0	0	0	0
-10.68193	0	0	0	0	0
-10.67093	0	0	0	0	0
-10.65993	0	0	0	0	0
-10.64993	0	0	0	0	0
-10.63893	0	0	0	0	0
-10.62793	0	0	0	0	0
-10.61693	0	0	0	0	0
-10.60593	0	0	0	0	0
-10.59593	0	0	0	0	0
-10.58493	0	0	0	0	0
-10.57393	0	0	0	0	0
-10.56293	0	0	0	0	0
-10.55193	0	0	0	0	0
-10.54193	0	0	0	0	0
-10.53093	0	0	0	0	0
-10.51993	0	0	0	0	0
-10.50893	0	0	0	0	0
-10.49793	0	0	0	0	0
-10.48793	0	0	0	0	0
-10.47693	0	0	0	0	0
-10.46593	0	0	0	0	0
-10.45493	0	0	0	0	0
-10.44493	0	0	0	0	0
-10.43393	0	0	0	0	0
-10.42293	0	0	1E-5	0	0
-10.41193	0	0	4E-5	0	0
-10.40093	0	0	1.2E-4	0	0
-10.39093	0	0	3.2E-4	0	0
-10.37993	0	0	7.9E-4	0	0
-10.36893	0	0	0.00179	0	0
-10.35793	0	0	0.0037	0	0
-10.34693	0	0	0.00699	0	0
-10.33693	0	0	0.01202	0	0
-10.32593	0	0	0.01886	0	0
-10.31493	0	0	0.02697	0	0
-10.30393	0	0	0.03518	0	0
-10.29293	0	0	0.04182	0	0
-10.28293	0	0	0.04534	0	0
-10.27193	0	0	0.04481	0	0
-10.26093	0	0	0.04038	0	0
-10.24993	0	0	0.03317	0	0
-10.23993	0	0	0.02485	0	0
-10.22893	0	0	0.01697	0	0
-10.21793	0	0	0.01056	0	0
-10.20693	0	0	0.006	0	0
-10.19593	0	0	0.0031	0	0
-10.18593	0	0	0.00146	0	0
-10.17493	0	0	6.3E-4	0	0
-10.16393	0	0	2.5E-4	0	0
-10.15293	0	0	9E-5	0	0
-10.14193	0	1E-5	3E-5	1E-5	0
-10.13193	0	1E-5	1E-5	1E-5	0
-10.12093	0	2E-5	0	2E-5	0
-10.10993	0	4E-5	0	4E-5	0
-10.09893	0	6E-5	0	6E-5	0
-10.08793	0	8E-5	0	8E-5	0
-10.07793	0	9E-5	0	1.1E-4	0
-10.06693	0	1E-4	0	1.2E-4	0
-10.05593	0	1E-4	0	1.3E-4	0
-10.04493	0	9E-5	0	1.2E-4	0
-10.03493	0	8E-5	0	1E-4	0
-10.02393	0	6E-5	0	8E-5	0
-10.01293	0	4E-5	0	6E-5	0
-10.00193	0	3E-5	0	4E-5	0
-9.99093	0	2E-5	0	2E-5	0
-9.98093	0	1E-5	0	1E-5	0
-9.96993	0	0	0	1E-5	0
-9.95893	0	0	0	0	0
-9.94793	0	0	0	0	0
-9.93693	0	0	0	0	0
-9.92693	0	0	0	0	0
-9.91593	0	0	0	0	0
-9.90493	0	0	0	0	0
-9.89393	0	0	0	0	0
-9.88293	0	0	0	0	0
-9.87293	0	0	0	0	0
-9.86193	0	0	0	0	0
-9.85093	0	0	0	0	0
-9.83993	0	0	0	0	0
-9.82993	0	0	0	0	0
-9.81893	0	0	0	0	0
-9.80793	0	0	0	0	0
-9.79693	0	0	0	0	0
-9.78593	0	0	0	0	1E-5
-9.77593	2E-5	0	0	0	3E-5
-9.76493	5E-5	0	0	0	1E-4
-9.75393	1.6E-4	0	0	0	3E-4
-9.74293	4.4E-4	0	0	0	8E-4
-9.73193	0.00108	0	0	0	0.00198
-9.72193	0.00243	0	0	0	0.00446
-9.71093	0.00498	1E-5	0	1E-5	0.00915
-9.69993	0.00932	2E-5	0	1E-5	0.01713
-9.68893	0.0159	4E-5	0	3E-5	0.02922
-9.67793	0.02473	8E-5	0	6E-5	0.04545
-9.66793	0.03506	1.4E-4	0	1.1E-4	0.06444
-9.65693	0.04533	2.3E-4	0	1.9E-4	0.08331
-9.64593	0.05344	3.3E-4	0	2.8E-4	0.0982
-9.63493	0.05743	4.4E-4	0	3.8E-4	0.1055
-9.62493	0.05627	5.4E-4	0	4.8E-4	0.1034
-9.61393	0.05027	6E-4	0	5.4E-4	0.09238
-9.60293	0.04094	6.1E-4	0	5.6E-4	0.07524
-9.59193	0.03041	5.6E-4	0	5.3E-4	0.05588
-9.58093	0.02059	4.7E-4	0	4.6E-4	0.03783
-9.57093	0.01271	3.6E-4	0	3.6E-4	0.02336
-9.55993	0.00715	2.6E-4	0	2.6E-4	0.01315
-9.54893	0.00367	1.6E-4	0	1.7E-4	0.00675
-9.53793	0.00172	1E-4	0	1E-4	0.00316
-9.52693	7.3E-4	5E-5	0	5E-5	0.00135
-9.51693	2.8E-4	2E-5	0	3E-5	5.2E-4
-9.50593	1E-4	1E-5	0	1E-5	1.9E-4
-9.49493	3E-5	0	0	0	6E-5
-9.48393	1E-5	0	0	0	2E-5
-9.47293	0	0	0	0	0
-9.46293	0	0	0	0	0
-9.45193	0	0	0	0	0
-9.44093	0	0	0	0	0
-9.42993	0	0	0	0	0
-9.41993	0	0	0	0	0
-9.40893	0	0	0	0	0
-9.39793	0	0	0	0	0
-9.38693	0	0	0	0	0
-9.37593	0	0	0	0	0
-9.36593	0	0	0	0	0
-9.35493	0	0	0	0	0
-9.34393	0	0	0	0	0
-9.33293	0	0	0	0	0
-9.32193	0	0	0	0	0
-9.31193	0	0	0	0	0
-9.30093	0	0	0	0	0
-9.28993	0	0	0	0	0
-9.27893	0	0	0	0	0
-9.26793	0	0	0	0	0
-9.25793	0	0	0	0	0
-9.24693	0	0	0	0	0
-9.23593	0	0	0	0	0
-9.22493	0	0	0	0	0
-9.21493	0	0	0	0	0
-9.20393	0	0	0	0	0
-9.19293	0	0	0	0	0
-9.18193	0	0	0	0	0
-9.17093	0	0	0	0	0
-9.16093	0	0	0	0	0
-9.14993	0	0	0	0	0
-9.13893	0	0	0	0	0
-9.12793	0	0	0	0	0
-9.11693	0	0	0	0	0
-9.10693	0	0	0	0	0
-9.09593	0	0	0	0	0
-9.08493	0	0	0	0	0
-9.07393	0	0	0	0	0
-9.06293	0	0	0	0	0
-9.05293	0	0	0	0	0
-9.04193	0	0	0	0	0
-9.03093	0	0	0	0	0
-9.01993	0	0	0	0	0
-9.00993	0	0	0	0	0
-8.99893	0	0	0	0	0
-8.98793	1E-5	0	0	0	0
-8.97693	3E-5	0	0	0	1E-5
-8.96593	8E-5	0	0	0	4E-5
-8.95593	2E-4	0	0	0	1.1E-4
-8.94493	4.9E-4	0	0	0	2.7E-4
-8.93393	0.00108	0	0	0	5.9E-4
-8.92293	0.00219	0	0	0	0.0012
-8.91193	0.00403	0	0	0	0.00222
-8.90193	0.00678	0	0	0	0.00373
-8.89093	0.01039	0	0	0	0.00572
-8.87993	0.01452	0	0	0	0.00799
-8.86893	0.01851	0	0	0	0.01018
-8.85793	0.0215	0	0	0	0.01183
-8.84793	0.02277	0	0	0	0.01253
-8.83693	0.02199	0	0	0	0.0121
-8.82593	0.01936	0	0	0	0.01065
-8.81493	0.01554	0	0	0	0.00855
-8.80493	0.01137	0	0	0	0.00626
-8.79393	0.00759	0	0	0	0.00418
-8.78293	0.00462	0	0	0	0.00254
-8.77193	0.00256	0	0	0	0.00141
-8.76093	0.00129	0	0	0	7.1E-4
-8.75093	6E-4	0	0	0	3.3E-4
-8.73993	2.5E-4	0	0	0	1.4E-4
-8.72893	1E-4	0	0	0	6E-5
-8.71793	3E-5	0	0	0	2E-5
-8.70693	1E-5	0	0	0	1E-5
-8.69693	0	0	0	0	1E-5
-8.68593	0	0	0	0	1E-5
-8.67493	0	0	0	0	1E-5
-8.66393	0	0	0	0	1E-5
-8.65293	0	0	0	0	0
-8.64293	0	0	0	0	0
-8.63193	0	0	0	0	0
-8.62093	0	0	0	0	0
-8.60993	0	0	0	0	0
-8.59993	0	0	0	0	0
-8.58893	0	0	0	0	0
-8.57793	0	0	0	0	0
-8.56693	0	0	0	0	0
-8.55593	0	0	0	0	0
-8.54593	0	0	0	0	0
-8.53493	0	0	0	0	0
-8.52393	0	0	0	0	0
-8.51293	0	0	1E-5	0	0
-8.50193	0	0	4E-5	0	0
-8.49193	0	0	1.5E-4	0	0
-8.48093	0	0	4.4E-4	0	0
-8.46993	0	0	0.00121	0	0
-8.45893	0	0	0.00306	0	0
-8.44793	0	0	0.00702	0	0
-8.43793	0	0	0.01468	0	0
-8.42693	0	0	0.02801	0	0
-8.41593	0	1E-5	0.04871	1E-5	0
-8.40493	0	1E-5	0.07724	1E-5	0
-8.39493	0	2E-5	0.1117	2E-5	0
-8.38393	0	3E-5	0.1472	3E-5	0
-8.37293	0	3E-5	0.1769	3E-5	0
-8.36193	1E-5	4E-5	0.1938	4E-5	0
-8.35093	1E-5	4E-5	0.1936	4E-5	0
-8.34093	0	4E-5	0.1764	4E-5	0
-8.32993	0	4E-5	0.1465	4E-5	0
-8.31893	0	3E-5	0.1109	3E-5	0
-8.30793	0	2E-5	0.07659	2E-5	0
-8.29693	0	2E-5	0.04821	2E-5	0
-8.28693	0	1E-5	0.02767	1E-5	0
-8.27593	0	1E-5	0.01448	1E-5	0
-8.26493	0	0	0.00691	0	0
-8.25393	0	0	0.00301	0	0
-8.24393	0	0	0.00119	0	1E-5
-8.23293	2E-5	0	4.3E-4	0	3E-5
-8.22193	5E-5	0	1.4E-4	0	1E-4
-8.21093	1.7E-4	0	4E-5	0	3.1E-4
-8.19993	4.9E-4	0	1E-5	0	9E-4
-8.18993	0.00129	0	1E-5	0	0.0024
-8.17893	0.00313	0	1E-5	0	0.0058
-8.16793	0.00691	0	3E-5	0	0.0128
-8.15693	0.01389	0	5E-5	0	0.02574
-8.14593	0.02547	0	9E-5	0	0.0472
-8.13593	0.04258	0	1.5E-4	0	0.0789
-8.12493	0.0649	1E-5	2.2E-4	1E-5	0.1202
-8.11393	0.09019	1E-5	3E-4	1E-5	0.1671
-8.10293	0.1143	3E-5	3.6E-4	3E-5	0.2117
-8.09193	0.132	4E-5	4E-4	5E-5	0.2445
-8.08193	0.139	7E-5	4.1E-4	8E-5	0.2576
-8.07093	0.1335	1E-4	3.8E-4	1.1E-4	0.2473
-8.05993	0.1169	1.4E-4	3.2E-4	1.5E-4	0.2166
-8.04893	0.09336	1.6E-4	2.5E-4	1.8E-4	0.173
-8.03893	0.06799	1.8E-4	1.8E-4	2E-4	0.126
-8.02793	0.04516	1.8E-4	1.1E-4	2.1E-4	0.08366
-8.01693	0.02737	1.6E-4	7E-5	1.9E-4	0.0507
-8.00593	0.01513	1.4E-4	4E-5	1.6E-4	0.02804
-7.99493	0.00764	1E-4	2E-5	1.3E-4	0.01416
-7.98493	0.00353	7E-5	1E-5	9E-5	0.00653
-7.97393	0.00149	5E-5	0	6E-5	0.00276
-7.96293	5.8E-4	3E-5	0	3E-5	0.00107
-7.95193	2E-4	1E-5	0	2E-5	3.8E-4
-7.94093	7E-5	1E-5	0	1E-5	1.2E-4
-7.93093	2E-5	0	0	0	4E-5
-7.91993	1E-5	0	0	0	1E-5
-7.90893	0	0	0	0	0
-7.89793	0	0	0	0	0
-7.88693	0	1E-5	0	1E-5	0
-7.87693	0	2E-5	0	3E-5	0
-7.86593	0	8E-5	1E-5	9E-5	0
-7.85493	0	2.4E-4	1E-5	2.7E-4	0
-7.84393	0	6.6E-4	2E-5	7.3E-4	0
-7.83393	0	0.00167	2E-5	0.00181	0
-7.82293	0	0.00384	3E-5	0.00413	0
-7.81193	0	0.00809	3E-5	0.00861	0
-7.80093	0	0.01552	3E-5	0.01638	0
-7.78993	0	0.02716	2E-5	0.02844	0
-7.77993	0	0.04334	2E-5	0.04504	0
-7.76893	0	0.06305	2E-5	0.06506	0
-7.75793	0	0.08363	1E-5	0.0857	1E-5
-7.74693	0	0.1012	1E-5	0.1029	1E-5
-7.73593	0	0.1115	1E-5	0.1127	1E-5
-7.72593	0	0.1122	1E-5	0.1126	1E-5
-7.71493	0	0.1028	1E-5	0.1025	1E-5
-7.70393	0	0.08595	0	0.0851	1E-5
-7.69293	0	0.06551	0	0.06441	0
-7.68193	0	0.04552	0	0.04446	0
-7.67193	0	0.02884	0	0.02798	0
-7.66093	0	0.01666	0	0.01605	0
-7.64993	0	0.00878	0	0.0084	0
-7.63893	0	0.00421	0	0.00401	0
-7.62893	0	0.00185	0	0.00174	0
-7.61793	0	7.4E-4	0	6.9E-4	0
-7.60693	0	2.7E-4	0	2.5E-4	0
-7.59593	0	9E-5	1E-5	8E-5	0
-7.58493	0	3E-5	5E-5	2E-5	0
-7.57493	0	1E-5	1.3E-4	1E-5	0
-7.56393	0	0	3.6E-4	0	0
-7.55293	0	0	8.6E-4	0	0
-7.54193	0	0	0.00189	0	0
-7.53093	0	0	0.00381	0	0
-7.52093	0	0	0.00699	0	0
-7.50993	0	0	0.01168	0	0
-7.49893	0	0	0.01781	0	0
-7.48793	0	0	0.02475	0	0
-7.47693	0	1E-5	0.03136	0	0
-7.46693	0	1E-5	0.03622	0	0
-7.45593	0	1E-5	0.03815	0	0
-7.44493	0	1E-5	0.03663	0	0
-7.43393	0	1E-5	0.03207	0	0
-7.42393	0	1E-5	0.0256	0	1E-5
-7.41293	1E-5	2E-5	0.01863	1E-5	1E-5
-7.40193	2E-5	2E-5	0.01236	2E-5	3E-5
-7.39093	3E-5	4E-5	0.00748	3E-5	5E-5
-7.37993	5E-5	6E-5	0.00413	5E-5	8E-5
-7.36993	8E-5	9E-5	0.00208	8E-5	1.2E-4
-7.35893	1.2E-4	1.2E-4	9.6E-4	1.1E-4	1.7E-4
-7.34793	1.5E-4	1.4E-4	4E-4	1.3E-4	2.2E-4
-7.33693	1.8E-4	1.6E-4	1.6E-4	1.4E-4	2.5E-4
-7.32593	1.9E-4	1.6E-4	6E-5	1.4E-4	2.7E-4
-7.31593	1.9E-4	1.4E-4	2E-5	1.3E-4	2.6E-4
-7.30493	1.7E-4	1.2E-4	1E-5	1.1E-4	2.3E-4
-7.29393	1.3E-4	9E-5	1E-5	8E-5	1.9E-4
-7.28293	1E-4	6E-5	0	6E-5	1.4E-4
-7.27193	7E-5	4E-5	0	4E-5	9E-5
-7.26193	4E-5	2E-5	0	2E-5	6E-5
-7.25093	2E-5	1E-5	0	1E-5	3E-5
-7.23993	1E-5	1E-5	0	1E-5	2E-5
-7.22893	1E-5	0	0	0	1E-5
-7.21893	0	0	0	0	0
-7.20793	0	0	0	0	0
-7.19693	0	0	0	0	0
-7.18593	1E-5	0	0	0	1E-5
-7.17493	2E-5	0	0	0	4E-5
-7.16493	7E-5	0	0	0	1.2E-4
-7.15393	1.9E-4	0	0	0	3.3E-4
-7.14293	4.6E-4	0	0	0	8.3E-4
-7.13193	0.00105	0	0	0	0.00188
-7.12093	0.00219	0	0	0	0.00392
-7.11093	0.00417	0	0	0	0.00744
-7.09993	0.00722	0	0	0	0.0129
-7.08893	0.01146	0	1E-5	0	0.02048
-7.07793	0.01672	0	1E-5	0	0.0299
-7.06693	0.02259	0	2E-5	0	0.04046
-7.05693	0.02868	0	3E-5	0	0.05152
-7.04593	0.03506	1E-5	4E-5	1E-5	0.06328
-7.03493	0.04262	2E-5	5E-5	1E-5	0.07746
-7.02393	0.05311	4E-5	6E-5	3E-5	0.09734
-7.01393	0.06845	8E-5	6E-5	7E-5	0.1265
-7.00293	0.08953	1.5E-4	6E-5	1.4E-4	0.1664
-6.99193	0.115	2.8E-4	5E-5	2.6E-4	0.2145
-6.98093	0.1407	4.7E-4	4E-5	4.4E-4	0.2629
-6.96993	0.1607	7.2E-4	4E-5	6.8E-4	0.3008
-6.95993	0.1695	0.001	3E-5	9.6E-4	0.3174
-6.94893	0.164	0.00128	2E-5	0.00124	0.3072
-6.93793	0.1452	0.00148	2E-5	0.00145	0.272
-6.92693	0.1174	0.00156	1E-5	0.00156	0.2199
-6.91593	0.08664	0.00151	1E-5	0.00153	0.1623
-6.90593	0.05835	0.00133	1E-5	0.00136	0.1093
-6.89493	0.03586	0.00106	1E-5	0.00111	0.06717
-6.88393	0.02012	7.8E-4	0	8.2E-4	0.03768
-6.87293	0.0103	5.2E-4	0	5.5E-4	0.01929
-6.86193	0.00482	3.1E-4	0	3.4E-4	0.00902
-6.85193	0.00206	1.7E-4	0	1.9E-4	0.00386
-6.84093	8E-4	9E-5	0	1E-4	0.00151
-6.82993	2.9E-4	4E-5	0	5E-5	5.4E-4
-6.81893	9E-5	2E-5	0	2E-5	1.8E-4
-6.80893	3E-5	1E-5	0	1E-5	5E-5
-6.79793	1E-5	0	0	0	1E-5
-6.78693	0	0	0	0	0
-6.77593	0	0	0	0	0
-6.76493	0	0	0	0	0
-6.75493	0	0	0	0	0
-6.74393	0	0	0	0	0
-6.73293	0	0	0	0	0
-6.72193	0	0	0	0	0
-6.71093	0	0	0	0	0
-6.70093	0	0	0	0	0
-6.68993	0	0	0	0	0
-6.67893	0	0	0	0	0
-6.66793	0	0	1E-5	0	0
-6.65693	0	0	1E-5	0	0
-6.64693	0	1E-5	2E-5	1E-5	0
-6.63593	0	1E-5	3E-5	1E-5	0
-6.62493	0	2E-5	5E-5	2E-5	0
-6.61393	0	2E-5	6E-5	2E-5	0
-6.60393	0	3E-5	8E-5	3E-5	0
-6.59293	0	3E-5	1.1E-4	3E-5	0
-6.58193	0	3E-5	2E-4	3E-5	0
-6.57093	0	3E-5	4.9E-4	3E-5	0
-6.55993	0	2E-5	0.00135	2E-5	0
-6.54993	0	2E-5	0.00362	2E-5	0
-6.53893	0	1E-5	0.00902	1E-5	0
-6.52793	0	1E-5	0.02064	1E-5	0
-6.51693	0	0	0.04311	0	0
-6.50593	0	0	0.08214	0	0
-6.49593	0	0	0.1427	0	0
-6.48493	0	0	0.226	0	0
-6.47393	1E-5	0	0.3265	0	0
-6.46293	1E-5	0	0.4298	1E-5	0
-6.45193	1E-5	0	0.516	1E-5	0
-6.44193	1E-5	0	0.5648	1E-5	0
-6.43093	1E-5	0	0.5636	1E-5	0
-6.41993	1E-5	0	0.5128	1E-5	0
-6.40893	1E-5	0	0.4254	1E-5	0
-6.39893	1E-5	0	0.3217	0	0
-6.38793	0	0	0.2219	0	0
-6.37693	0	0	0.1395	0	0
-6.36593	0	0	0.08001	0	0
-6.35493	0	1E-5	0.04191	1E-5	0
-6.34493	0	1E-5	0.02012	1E-5	0
-6.33393	0	2E-5	0.00898	2E-5	0
-6.32293	1E-5	2E-5	0.00388	2E-5	0
-6.31193	1E-5	3E-5	0.00181	3E-5	0
-6.30093	2E-5	3E-5	0.00107	4E-5	0
-6.29093	4E-5	4E-5	8.4E-4	4E-5	1E-5
-6.27993	8E-5	4E-5	7.6E-4	4E-5	1E-5
-6.26893	1.3E-4	4E-5	7.3E-4	4E-5	2E-5
-6.25793	2E-4	4E-5	7.6E-4	4E-5	3E-5
-6.24693	2.9E-4	5E-5	8.9E-4	5E-5	4E-5
-6.23693	3.8E-4	6E-5	0.00113	6E-5	5E-5
-6.22593	4.7E-4	8E-5	0.00149	8E-5	7E-5
-6.21493	5.4E-4	1E-4	0.00191	1.1E-4	9E-5
-6.20393	5.8E-4	1.3E-4	0.00231	1.3E-4	1.1E-4
-6.19393	5.9E-4	1.6E-4	0.00259	1.7E-4	1.2E-4
-6.18293	5.8E-4	2E-4	0.0027	2.1E-4	1.3E-4
-6.17193	5.3E-4	2.7E-4	0.00263	2.8E-4	1.3E-4
-6.16093	4.7E-4	4E-4	0.00249	4.1E-4	1.3E-4
-6.14993	3.9E-4	6.2E-4	0.0024	6.3E-4	1.1E-4
-6.13993	3E-4	9.5E-4	0.00252	9.6E-4	1E-4
-6.12893	2.2E-4	0.00137	0.00293	0.00138	9E-5
-6.11793	1.5E-4	0.00185	0.00362	0.00186	1E-4
-6.10693	1E-4	0.00228	0.00443	0.00229	1.1E-4
-6.09593	6E-5	0.00258	0.00517	0.00259	1.5E-4
-6.08593	5E-5	0.00266	0.0056	0.00267	2E-4
-6.07493	4E-5	0.00251	0.00558	0.00253	2.6E-4
-6.06393	4E-5	0.00218	0.00509	0.00219	3.1E-4
-6.05293	4E-5	0.00177	0.00424	0.00178	3.3E-4
-6.04193	3E-5	0.00144	0.00324	0.00146	3.3E-4
-6.03193	3E-5	0.00138	0.00228	0.00143	3E-4
-6.02093	2E-5	0.00186	0.0015	0.00195	2.5E-4
-6.00993	2E-5	0.00322	9.4E-4	0.00339	1.9E-4
-5.99893	1E-5	0.00589	5.9E-4	0.00618	1.3E-4
-5.98893	1E-5	0.01027	4.1E-4	0.01071	8E-5
-5.97793	1E-5	0.01653	3.3E-4	0.01711	5E-5
-5.96693	1E-5	0.02433	3.4E-4	0.025	3E-5
-5.95593	1E-5	0.03267	4.3E-4	0.03333	2E-5
-5.94493	1E-5	0.04001	6E-4	0.04052	2E-5
-5.93493	1E-5	0.04469	8.5E-4	0.04493	3E-5
-5.92393	1E-5	0.04553	0.00116	0.04545	4E-5
-5.91293	2E-5	0.04236	0.00151	0.04198	7E-5
-5.90193	4E-5	0.03605	0.00186	0.03547	1.2E-4
-5.89093	7E-5	0.0282	0.00217	0.02756	1.9E-4
-5.88093	1.1E-4	0.02054	0.00248	0.01996	3E-4
-5.86993	1.8E-4	0.01435	0.00282	0.01388	4.3E-4
-5.85893	2.9E-4	0.01022	0.00329	0.00989	5.9E-4
-5.84793	4.2E-4	0.00815	0.00392	0.00794	7.6E-4
-5.83693	5.9E-4	0.00777	0.00471	0.00763	9.4E-4
-5.82693	7.7E-4	0.00859	0.0056	0.00849	0.00111
-5.81593	9.6E-4	0.01015	0.00646	0.01006	0.00129
-5.80493	0.00114	0.01205	0.00715	0.01198	0.00149
-5.79393	0.00132	0.01394	0.00757	0.01388	0.00173
-5.78393	0.00149	0.01544	0.00765	0.01541	0.00204
-5.77293	0.00167	0.01624	0.00737	0.01626	0.00244
-5.76193	0.00188	0.01618	0.00678	0.01624	0.00296
-5.75093	0.00217	0.01527	0.00598	0.01537	0.00368
-5.73993	0.00265	0.01373	0.00508	0.01385	0.00484
-5.72993	0.00369	0.01189	0.00421	0.01202	0.00711
-5.71893	0.00613	0.01009	0.00347	0.01021	0.01214
-5.70793	0.01177	0.00858	0.00293	0.00868	0.02345
-5.69693	0.02403	0.00747	0.0026	0.00755	0.0476
-5.68593	0.0485	0.00679	0.00247	0.00684	0.09517
-5.67593	0.09283	0.00643	0.00251	0.00647	0.1805
-5.66493	0.1652	0.00627	0.00264	0.00628	0.3186
-5.65393	0.2711	0.00615	0.00278	0.00614	0.5189
-5.64293	0.4083	0.00593	0.00286	0.00591	0.7761
-5.63193	0.5633	0.00556	0.00282	0.00554	1.064
-5.62193	0.711	0.00506	0.00264	0.00504	1.335
-5.61093	0.8207	0.00446	0.00233	0.00446	1.533
-5.59993	0.8663	0.00386	0.00194	0.00387	1.609
-5.58893	0.8365	0.00332	0.00153	0.00335	1.546
-5.57893	0.7397	0.00289	0.00116	0.00295	1.36
-5.56793	0.6002	0.00262	8.7E-4	0.00269	1.098
-5.55693	0.4489	0.00249	6.9E-4	0.00258	0.8168
-5.54593	0.3121	0.00251	6.4E-4	0.00261	0.5643
-5.53493	0.2046	0.00261	6.9E-4	0.00272	0.3671
-5.52493	0.1298	0.00275	8.3E-4	0.00285	0.2304
-5.51393	0.0825	0.00287	0.00104	0.00296	0.1442
-5.50293	0.05446	0.00296	0.0013	0.00302	0.09344
-5.49193	0.03815	0.00301	0.00158	0.00306	0.06432
-5.48093	0.02837	0.00306	0.00185	0.0031	0.04733
-5.47093	0.02222	0.00312	0.00209	0.00315	0.0371
-5.45993	0.01829	0.00319	0.00229	0.00321	0.03093
-5.44893	0.01581	0.00325	0.00243	0.00329	0.02732
-5.43793	0.0142	0.0033	0.00257	0.00335	0.02518
-5.42693	0.01296	0.00335	0.00275	0.00342	0.02353
-5.41693	0.01168	0.0034	0.00309	0.00349	0.02167
-5.40593	0.01018	0.00345	0.00364	0.00357	0.01924
-5.39493	0.00846	0.0035	0.00443	0.00363	0.01628
-5.38393	0.0067	0.00349	0.00541	0.00363	0.0131
-5.37393	0.00512	0.00338	0.0065	0.00351	0.01017
-5.36293	0.00394	0.00314	0.00758	0.00325	0.00792
-5.35193	0.00331	0.00281	0.00858	0.00289	0.0067
-5.34093	0.00328	0.00244	0.00945	0.00251	0.00663
-5.32993	0.00379	0.00215	0.01021	0.00219	0.00764
-5.31993	0.00466	0.002	0.0109	0.00203	0.00938
-5.30893	0.00565	0.00207	0.01154	0.0021	0.01138
-5.29793	0.00647	0.00235	0.01212	0.00239	0.01304
-5.28693	0.00689	0.00283	0.01259	0.00287	0.01389
-5.27593	0.00677	0.0034	0.0129	0.00345	0.01366
-5.26593	0.00617	0.00395	0.01306	0.004	0.01243
-5.25493	0.00522	0.00438	0.01307	0.00441	0.01051
-5.24393	0.00415	0.00459	0.01297	0.00461	0.00836
-5.23293	0.00316	0.00456	0.0128	0.00457	0.00636
-5.22193	0.00236	0.00432	0.01251	0.00432	0.00476
-5.21193	0.00179	0.00397	0.01208	0.00397	0.00361
-5.20093	0.0014	0.00361	0.01148	0.00363	0.00284
-5.18993	0.00116	0.00335	0.01073	0.00339	0.00234
-5.17893	0.00101	0.00327	0.00984	0.00332	0.00202
-5.16893	9.3E-4	0.00336	0.00886	0.00343	0.00182
-5.15793	8.8E-4	0.00364	0.00779	0.00369	0.00169
-5.14693	8.4E-4	0.00413	0.00667	0.00412	0.00161
-5.13593	8E-4	0.00499	0.00554	0.00485	0.00153
-5.12493	7.4E-4	0.00644	0.00451	0.0061	0.00142
-5.11493	6.5E-4	0.00873	0.0037	0.00816	0.00127
-5.10393	5.4E-4	0.01202	0.00322	0.01123	0.00108
-5.09293	4.3E-4	0.01613	0.00311	0.01526	8.7E-4
-5.08193	3.2E-4	0.02055	0.00335	0.01979	6.7E-4
-5.07093	2.3E-4	0.02446	0.00379	0.02407	5E-4
-5.06093	1.7E-4	0.027	0.00425	0.02716	3.7E-4
-5.04993	1.3E-4	0.02757	0.00454	0.02837	2.8E-4
-5.03893	1E-4	0.02608	0.00453	0.02742	2.3E-4
-5.02793	9E-5	0.02296	0.00419	0.02463	1.9E-4
-5.01693	8E-5	0.01902	0.00361	0.02075	1.6E-4
-5.00693	7E-5	0.01513	0.00293	0.01669	1.4E-4
-4.99593	6E-5	0.01201	0.00231	0.01327	1.3E-4
-4.98493	7E-5	0.01008	0.00189	0.01101	1.4E-4
-4.97393	8E-5	0.00943	0.00175	0.01009	1.6E-4
-4.96393	1E-4	0.00995	0.00188	0.01041	2E-4
-4.95293	1.3E-4	0.01137	0.00224	0.01172	2.6E-4
-4.94193	1.7E-4	0.0134	0.00272	0.01368	3.2E-4
-4.93093	2E-4	0.0157	0.00322	0.01597	3.7E-4
-4.91993	2.3E-4	0.01798	0.00365	0.01824	4.1E-4
-4.90993	2.4E-4	0.01997	0.00394	0.02027	4.2E-4
-4.89893	2.5E-4	0.02161	0.00411	0.02197	4E-4
-4.88793	2.4E-4	0.02309	0.00426	0.02359	3.7E-4
-4.87693	2.2E-4	0.02503	0.00455	0.02576	3.4E-4
-4.86593	2.1E-4	0.02839	0.00512	0.02944	3.1E-4
-4.85593	2.1E-4	0.03427	0.00607	0.03574	3.2E-4
-4.84493	2.2E-4	0.04361	0.00735	0.04556	3.6E-4
-4.83393	2.6E-4	0.05683	0.00874	0.05924	4.6E-4
-4.82293	3.3E-4	0.07358	0.00991	0.07635	6.1E-4
-4.81293	4.4E-4	0.09264	0.01054	0.09562	8.4E-4
-4.80193	5.9E-4	0.1121	0.01044	0.1151	0.00117
-4.79093	8.2E-4	0.1297	0.00968	0.1325	0.00165
-4.77993	0.00117	0.1432	0.00853	0.1457	0.00237
-4.76893	0.00177	0.1513	0.00741	0.1533	0.00358
-4.75893	0.00288	0.1537	0.00672	0.1549	0.00577
-4.74793	0.00504	0.1513	0.00679	0.1515	0.00991
-4.73693	0.0091	0.1457	0.00776	0.1448	0.01762
-4.72593	0.01623	0.1392	0.00956	0.1371	0.03112
-4.71493	0.02768	0.1334	0.01188	0.1302	0.05271
-4.70493	0.0442	0.1292	0.01418	0.1253	0.08381
-4.69393	0.06529	0.1263	0.01586	0.1224	0.1235
-4.68293	0.08871	0.1236	0.01642	0.1203	0.1675
-4.67193	0.1105	0.1193	0.01564	0.1172	0.2083
-4.66093	0.1259	0.1119	0.01371	0.1112	0.2373
-4.65093	0.1313	0.1006	0.01112	0.1013	0.2471
-4.63993	0.125	0.08582	0.00849	0.08744	0.2353
-4.62893	0.1088	0.06905	0.00636	0.07114	0.2047
-4.61793	0.08658	0.05232	0.00507	0.05443	0.1628
-4.60793	0.06296	0.03755	0.00471	0.03936	0.1183
-4.59693	0.04187	0.026	0.00517	0.02737	0.07865
-4.58593	0.02548	0.0181	0.0062	0.01905	0.04784
-4.57493	0.01423	0.0136	0.00751	0.01422	0.02667
-4.56393	0.00731	0.01185	0.00882	0.01224	0.01366
-4.55393	0.00349	0.01202	0.00992	0.01227	0.00646
-4.54293	0.00158	0.01327	0.01063	0.01342	0.00285
-4.53193	7.1E-4	0.01483	0.01087	0.0149	0.0012
-4.52093	3.5E-4	0.01604	0.01059	0.01604	5.2E-4
-4.50993	2.1E-4	0.01645	0.00984	0.01638	2.5E-4
-4.49993	1.5E-4	0.01586	0.00873	0.01574	1.5E-4
-4.48893	1.2E-4	0.01435	0.00743	0.0142	1.1E-4
-4.47793	1E-4	0.01221	0.00613	0.01206	8E-5
-4.46693	8E-5	0.00985	0.00498	0.00973	7E-5
-4.45593	6E-5	0.00764	0.00406	0.00756	6E-5
-4.44593	5E-5	0.00582	0.0034	0.00578	5E-5
-4.43493	4E-5	0.00445	0.00296	0.00446	4E-5
-4.42393	3E-5	0.00351	0.00274	0.00354	4E-5
-4.41293	3E-5	0.0029	0.00281	0.00294	3E-5
-4.40293	2E-5	0.00256	0.00334	0.0026	3E-5
-4.39193	3E-5	0.00248	0.00458	0.00253	3E-5
-4.38093	4E-5	0.00274	0.00677	0.00278	3E-5
-4.36993	6E-5	0.00341	0.01003	0.00346	3E-5
-4.35893	9E-5	0.00454	0.01418	0.00459	3E-5
-4.34893	1.2E-4	0.00607	0.0187	0.00613	4E-5
-4.33793	1.6E-4	0.00782	0.02279	0.0079	5E-5
-4.32693	2E-4	0.00953	0.02561	0.00962	6E-5
-4.31593	2.3E-4	0.0109	0.02659	0.01099	7E-5
-4.30493	2.5E-4	0.01172	0.02569	0.01182	7E-5
-4.29493	2.5E-4	0.01196	0.02342	0.01203	7E-5
-4.28393	2.3E-4	0.01172	0.02069	0.01177	7E-5
-4.27293	2.1E-4	0.01126	0.01848	0.01129	6E-5
-4.26193	1.8E-4	0.01087	0.0176	0.01088	6E-5
-4.25093	1.5E-4	0.01074	0.01846	0.01076	6E-5
-4.24093	1.4E-4	0.01098	0.02099	0.01104	7E-5
-4.22993	1.2E-4	0.01155	0.02466	0.01167	7E-5
-4.21893	1.1E-4	0.01229	0.02864	0.0125	7E-5
-4.20793	1.1E-4	0.01303	0.03202	0.01333	7E-5
-4.19793	1E-4	0.01356	0.03414	0.01394	6E-5
-4.18693	9E-5	0.01375	0.03483	0.01418	5E-5
-4.17593	9E-5	0.01353	0.03442	0.01397	4E-5
-4.16493	8E-5	0.01292	0.03364	0.01334	3E-5
-4.15393	8E-5	0.01201	0.03327	0.01238	3E-5
-4.14393	9E-5	0.01098	0.03389	0.01129	3E-5
-4.13293	1.1E-4	0.01001	0.03573	0.01025	3E-5
-4.12193	1.3E-4	0.00924	0.03864	0.00942	3E-5
-4.11093	1.5E-4	0.00876	0.04225	0.0089	3E-5
-4.09993	1.7E-4	0.00854	0.04616	0.00866	3E-5
-4.08993	1.9E-4	0.00852	0.05005	0.00864	3E-5
-4.07893	2E-4	0.00861	0.05376	0.00872	3E-5
-4.06793	2E-4	0.00872	0.05727	0.00884	3E-5
-4.05693	2E-4	0.00888	0.06046	0.009	3E-5
-4.04593	2E-4	0.00915	0.06303	0.00928	4E-5
-4.03593	1.9E-4	0.00972	0.06442	0.00985	5E-5
-4.02493	2E-4	0.01079	0.06399	0.01095	6E-5
-4.01393	2E-4	0.01255	0.06131	0.01276	7E-5
-4.00293	2E-4	0.01514	0.05651	0.01544	8E-5
-3.99293	2E-4	0.01859	0.05041	0.01899	9E-5
-3.98193	1.9E-4	0.0228	0.0444	0.02331	9E-5
-3.97093	1.8E-4	0.0275	0.04016	0.02812	9E-5
-3.95993	1.8E-4	0.03233	0.03924	0.033	8E-5
-3.94893	1.8E-4	0.03682	0.04261	0.03749	8E-5
-3.93893	1.9E-4	0.0405	0.05035	0.0411	7E-5
-3.92793	2.1E-4	0.04298	0.06167	0.04349	7E-5
-3.91693	2.3E-4	0.04412	0.07515	0.04458	7E-5
-3.90593	2.7E-4	0.04411	0.08932	0.04457	7E-5
-3.89493	2.9E-4	0.0435	0.103	0.04405	7E-5
-3.88493	3E-4	0.04311	0.1157	0.04384	7E-5
-3.87393	2.9E-4	0.04388	0.1268	0.04482	8E-5
-3.86293	2.6E-4	0.04643	0.1357	0.04758	8E-5
-3.85193	2.3E-4	0.05079	0.1413	0.0521	1E-4
-3.84093	1.9E-4	0.05614	0.1428	0.05753	1.2E-4
-3.83093	1.6E-4	0.06097	0.1398	0.06236	1.5E-4
-3.81993	1.5E-4	0.06359	0.1329	0.06487	1.8E-4
-3.80893	1.6E-4	0.06274	0.1231	0.06387	2.1E-4
-3.79793	1.9E-4	0.05821	0.1117	0.05915	2.2E-4
-3.78793	2.4E-4	0.05084	0.09915	0.05158	2.3E-4
-3.77693	3E-4	0.04213	0.08584	0.0427	2.3E-4
-3.76593	3.6E-4	0.03364	0.072	0.03406	2.2E-4
-3.75493	4.1E-4	0.02647	0.05821	0.02678	2E-4
-3.74393	4.3E-4	0.02107	0.0455	0.0213	1.9E-4
-3.73393	4.3E-4	0.01743	0.03511	0.01759	1.7E-4
-3.72293	4E-4	0.0153	0.02824	0.01539	1.5E-4
-3.71193	3.6E-4	0.01441	0.0258	0.01447	1.3E-4
-3.70093	3.2E-4	0.01462	0.02832	0.01468	1.1E-4
-3.68993	3E-4	0.01588	0.03584	0.016	9E-5
-3.67993	3.2E-4	0.01825	0.04776	0.01853	8E-5
-3.66893	3.9E-4	0.02201	0.06256	0.02254	7E-5
-3.65793	5E-4	0.02772	0.07777	0.0286	8E-5
-3.64693	6.5E-4	0.03638	0.09029	0.0377	8E-5
-3.63593	8E-4	0.04952	0.0972	0.05132	1E-4
-3.62593	9.1E-4	0.06913	0.09676	0.07139	1.1E-4
-3.61493	9.6E-4	0.09722	0.08906	0.09986	1.2E-4
-3.60393	9.5E-4	0.1349	0.07607	0.1378	1.3E-4
-3.59293	8.9E-4	0.1812	0.06081	0.1842	1.6E-4
-3.58293	8.1E-4	0.2318	0.04625	0.2347	2E-4
-3.57193	7.6E-4	0.2795	0.03441	0.282	2.7E-4
-3.56093	7.5E-4	0.3158	0.02599	0.3177	3.6E-4
-3.54993	8E-4	0.334	0.02059	0.3351	4.6E-4
-3.53893	8.8E-4	0.3321	0.01729	0.3324	5.7E-4
-3.52893	9.7E-4	0.3137	0.01513	0.3132	6.6E-4
-3.51793	0.00106	0.2861	0.01347	0.285	7.3E-4
-3.50693	0.00114	0.2573	0.01208	0.256	7.8E-4
-3.49593	0.00121	0.2328	0.011	0.2316	8.1E-4
-3.48493	0.00127	0.2151	0.01039	0.2143	8.3E-4
-3.47493	0.00132	0.2042	0.01041	0.2042	8.3E-4
-3.46393	0.00133	0.201	0.0111	0.2019	8.2E-4
-3.45293	0.0013	0.2081	0.01247	0.2101	7.7E-4
-3.44193	0.00121	0.2302	0.0145	0.2333	6.9E-4
-3.43093	0.00107	0.2718	0.01724	0.2761	5.9E-4
-3.42093	8.9E-4	0.334	0.0209	0.3391	4.7E-4
-3.40993	7.1E-4	0.4121	0.02578	0.4175	3.5E-4
-3.39893	5.5E-4	0.4952	0.03217	0.5	2.6E-4
-3.38793	4.3E-4	0.5688	0.04015	0.5718	1.9E-4
-3.37793	3.5E-4	0.6184	0.04941	0.6187	1.5E-4
-3.36693	3.3E-4	0.6344	0.05921	0.6313	1.3E-4
-3.35593	3.8E-4	0.6145	0.06868	0.6082	1.6E-4
-3.34493	5.3E-4	0.564	0.0771	0.5553	2.4E-4
-3.33393	8.2E-4	0.4937	0.08422	0.4837	4E-4
-3.32393	0.00131	0.4162	0.09021	0.4061	6.6E-4
-3.31293	0.00203	0.343	0.09534	0.3338	0.00106
-3.30193	0.00299	0.2823	0.09959	0.2746	0.00161
-3.29093	0.00416	0.238	0.1026	0.232	0.0023
-3.27993	0.00541	0.2105	0.1039	0.2061	0.00307
-3.26993	0.0066	0.1967	0.1035	0.1937	0.00385
-3.25893	0.00756	0.192	0.1024	0.1901	0.00454
-3.24793	0.00817	0.1915	0.1023	0.1904	0.00503
-3.23693	0.00837	0.1909	0.1054	0.1905	0.00527
-3.22593	0.0082	0.1878	0.1142	0.1882	0.00524
-3.21593	0.00773	0.1813	0.1305	0.1824	0.00496
-3.20493	0.00708	0.1715	0.1558	0.1732	0.00452
-3.19393	0.00632	0.1585	0.1907	0.1606	0.00398
-3.18293	0.00553	0.1426	0.2339	0.1449	0.00342
-3.17293	0.00474	0.1245	0.2817	0.1266	0.00291
-3.16193	0.004	0.1051	0.3272	0.1069	0.0025
-3.15093	0.00333	0.08631	0.3625	0.08755	0.00222
-3.13993	0.0028	0.0702	0.3803	0.07086	0.00208
-3.12893	0.00247	0.05844	0.3774	0.05859	0.00208
-3.11893	0.00244	0.05175	0.3561	0.05154	0.00224
-3.10793	0.0029	0.04965	0.3231	0.04923	0.00264
-3.09693	0.00426	0.05065	0.2868	0.05012	0.00349
-3.08593	0.00725	0.05279	0.2546	0.05222	0.00523
-3.07493	0.01314	0.05434	0.2309	0.05378	0.00861
-3.06493	0.02386	0.05433	0.2175	0.05382	0.01472
-3.05393	0.04198	0.05271	0.2144	0.05227	0.02501
-3.04293	0.0705	0.05009	0.2204	0.04977	0.04103
-3.03193	0.1122	0.04732	0.2335	0.04717	0.06412
-3.02093	0.1686	0.04505	0.2514	0.04509	0.09486
-3.01093	0.2389	0.04347	0.2712	0.0437	0.1324
-2.99993	0.3185	0.0424	0.2912	0.0428	0.1742
-2.98893	0.3994	0.04154	0.3109	0.04208	0.2158
-2.97793	0.4711	0.04068	0.3314	0.04132	0.2518
-2.96793	0.5239	0.03983	0.354	0.04052	0.2774
-2.95693	0.5525	0.03913	0.3786	0.03984	0.2903
-2.94593	0.558	0.03868	0.4031	0.03938	0.2915
-2.93493	0.5473	0.03839	0.4234	0.03908	0.285
-2.92393	0.53	0.03804	0.435	0.03871	0.276
-2.91393	0.5131	0.03733	0.4341	0.03799	0.268
-2.90293	0.4982	0.03615	0.4186	0.0368	0.2617
-2.89193	0.4809	0.03456	0.3883	0.03521	0.2541
-2.88093	0.4541	0.03283	0.345	0.03346	0.2413
-2.86993	0.4123	0.03128	0.2927	0.0319	0.2202
-2.85993	0.355	0.03018	0.2369	0.03078	0.1903
-2.84893	0.2874	0.02966	0.1835	0.03025	0.1547
-2.83793	0.218	0.0297	0.1376	0.03026	0.118
-2.82693	0.1555	0.03013	0.1021	0.03066	0.08492
-2.81593	0.1059	0.03077	0.07721	0.03123	0.05866
-2.80593	0.07093	0.03146	0.06138	0.03183	0.04018
-2.79493	0.04898	0.03217	0.05199	0.0324	0.02857
-2.78393	0.03654	0.03298	0.04646	0.03303	0.02191
-2.77293	0.02979	0.03401	0.04278	0.03384	0.01814
-2.76293	0.02568	0.03532	0.03973	0.03493	0.01565
-2.75193	0.02235	0.03694	0.03674	0.03636	0.01348
-2.74093	0.01899	0.0388	0.03371	0.03812	0.01124
-2.72993	0.01554	0.04088	0.03079	0.0402	0.00894
-2.71893	0.01227	0.04324	0.02824	0.04266	0.00678
-2.70893	0.0095	0.04613	0.02638	0.04572	0.00496
-2.69793	0.00745	0.04998	0.02554	0.04978	0.00359
-2.68693	0.00615	0.05521	0.0262	0.05521	0.0027
-2.67593	0.00548	0.06189	0.02895	0.06208	0.00223
-2.66493	0.00524	0.06945	0.03449	0.06982	0.00206
-2.65493	0.00523	0.07656	0.04334	0.0771	0.00208
-2.64393	0.00529	0.08153	0.05542	0.08222	0.00221
-2.63293	0.00532	0.08299	0.06966	0.0838	0.00237
-2.62193	0.00535	0.08059	0.08384	0.08143	0.00256
-2.61093	0.00542	0.07523	0.09509	0.07602	0.00277
-2.60093	0.00562	0.06872	0.1008	0.06939	0.00303
-2.58993	0.00604	0.06307	0.09949	0.06361	0.00338
-2.57893	0.00675	0.05974	0.09164	0.0602	0.00385
-2.56793	0.00773	0.05921	0.07912	0.05967	0.00443
-2.55793	0.0089	0.06098	0.06453	0.06155	0.00508
-2.54693	0.01004	0.06393	0.05029	0.0647	0.00568
-2.53593	0.01088	0.06683	0.03805	0.06788	0.00609
-2.52493	0.01116	0.06884	0.0287	0.07022	0.0062
-2.51393	0.01074	0.06991	0.02257	0.07163	0.00595
-2.50393	0.00963	0.07094	0.01971	0.07301	0.00535
-2.49293	0.00803	0.07363	0.02003	0.07603	0.00452
-2.48193	0.00624	0.07984	0.02313	0.08257	0.00363
-2.47093	0.00455	0.09072	0.02827	0.09384	0.00281
-2.45993	0.00315	0.1059	0.03427	0.1095	0.00215
-2.44993	0.00211	0.1229	0.03973	0.1272	0.00168
-2.43893	0.00141	0.138	0.04326	0.1431	0.00137
-2.42793	9.7E-4	0.1471	0.04393	0.1528	0.00117
-2.41693	6.9E-4	0.147	0.04145	0.1532	0.00105
-2.40593	5.2E-4	0.1372	0.03629	0.1433	9.9E-4
-2.39593	4.1E-4	0.1194	0.02948	0.125	9.7E-4
-2.38493	3.4E-4	0.09721	0.02226	0.1018	0.001
-2.37393	3E-4	0.07439	0.01569	0.07777	0.00104
-2.36293	2.8E-4	0.05398	0.01042	0.05615	0.00107
-2.35293	2.5E-4	0.03763	0.00662	0.03881	0.00105
-2.34193	2.3E-4	0.02565	0.00415	0.02614	9.8E-4
-2.33093	2E-4	0.01746	0.00265	0.01756	8.4E-4
-2.31993	1.6E-4	0.01214	0.00179	0.01206	6.7E-4
-2.30893	1.2E-4	0.00883	0.0013	0.00869	4.9E-4
-2.29893	9E-5	0.0069	0.00102	0.00676	3.4E-4
-2.28793	6E-5	0.00598	8.8E-4	0.00585	2.3E-4
-2.27693	5E-5	0.00583	8.6E-4	0.00571	1.6E-4
-2.26593	5E-5	0.00624	9.2E-4	0.00611	1.2E-4
-2.25493	5E-5	0.00698	0.00104	0.00684	1.2E-4
-2.24493	6E-5	0.00778	0.00116	0.00763	1.2E-4
-2.23393	6E-5	0.00839	0.00123	0.00825	1.2E-4
-2.22293	6E-5	0.00863	0.00121	0.00851	1.1E-4
-2.21193	5E-5	0.00839	0.0011	0.00831	1E-4
-2.20093	4E-5	0.00768	9.1E-4	0.00764	8E-5
-2.19093	3E-5	0.0066	6.9E-4	0.00659	6E-5
-2.17993	2E-5	0.00529	4.8E-4	0.0053	4E-5
-2.16893	1E-5	0.00394	3E-4	0.00397	2E-5
-2.15793	1E-5	0.00272	1.7E-4	0.00275	1E-5
-2.14793	0	0.00174	1E-4	0.00176	1E-5
-2.13693	0	0.00102	6E-5	0.00104	0
-2.12593	0	5.5E-4	7E-5	5.6E-4	0
-2.11493	0	2.7E-4	1.5E-4	2.8E-4	0
-2.10393	0	1.3E-4	3.6E-4	1.3E-4	0
-2.09393	0	7E-5	8E-4	7E-5	0
-2.08293	0	5E-5	0.00165	6E-5	0
-2.07193	0	7E-5	0.0031	7E-5	0
-2.06093	0	1.1E-4	0.00536	1.2E-4	0
-2.04993	0	1.7E-4	0.00855	1.8E-4	0
-2.03993	1E-5	2.5E-4	0.01275	2.7E-4	0
-2.02893	1E-5	3.6E-4	0.01818	3.8E-4	0
-2.01793	1E-5	5.1E-4	0.02554	5.3E-4	0
-2.00693	1E-5	7.7E-4	0.0366	8E-4	0
-1.99593	2E-5	0.00128	0.05455	0.0013	1E-5
-1.98593	2E-5	0.00228	0.08389	0.0023	1E-5
-1.97493	3E-5	0.00415	0.1293	0.00416	2E-5
-1.96393	4E-5	0.00738	0.1937	0.00736	3E-5
-1.95293	5E-5	0.01243	0.2759	0.01236	5E-5
-1.94293	8E-5	0.01952	0.369	0.01938	7E-5
-1.93193	1E-4	0.02838	0.4618	0.02809	9E-5
-1.92093	1.2E-4	0.03797	0.5431	0.03751	1.2E-4
-1.90993	1.4E-4	0.04665	0.6085	0.046	1.4E-4
-1.89893	1.5E-4	0.05253	0.6674	0.05169	1.5E-4
-1.88893	1.5E-4	0.05416	0.7458	0.05318	1.6E-4
-1.87793	1.4E-4	0.05108	0.8816	0.05003	1.4E-4
-1.86693	1.2E-4	0.0441	1.112	0.04306	1.2E-4
-1.85593	1E-4	0.03504	1.458	0.03399	1E-4
-1.84493	7E-5	0.02624	1.913	0.02505	7E-5
-1.83493	6E-5	0.02056	2.448	0.01868	5E-5
-1.82393	4E-5	0.02226	3.016	0.01832	3E-5
-1.81293	4E-5	0.03964	3.574	0.03057	2E-5
-1.80193	4E-5	0.08966	4.082	0.06931	1E-5
-1.79093	4E-5	0.2037	4.497	0.1613	1E-5
-1.78093	5E-5	0.4317	4.761	0.3511	1E-5
-1.76993	6E-5	0.8387	4.81	0.7005	2E-5
-1.75893	8E-5	1.488	4.591	1.276	3E-5
-1.74793	1.1E-4	2.408	4.101	2.12	4E-5
-1.73793	1.5E-4	3.556	3.403	3.212	5E-5
-1.72693	1.9E-4	4.787	2.606	4.438	7E-5
-1.71593	2.3E-4	5.877	1.835	5.59	9E-5
-1.70493	2.5E-4	6.579	1.185	6.421	1E-4
-1.69393	2.6E-4	6.715	0.7002	6.726	1E-4
-1.68393	2.5E-4	6.25	0.3784	6.423	1E-4
-1.67293	2.6E-4	5.305	0.1871	5.593	1E-4
-1.66193	3.8E-4	4.105	0.08462	4.441	1.7E-4
-1.65093	9.4E-4	2.897	0.0351	3.215	4.8E-4
-1.63993	0.00288	1.864	0.01339	2.123	0.00153
-1.62993	0.00882	1.093	0.00472	1.278	0.0047
-1.61893	0.02498	0.5848	0.00155	0.7012	0.01334
-1.60793	0.06477	0.2853	4.8E-4	0.3509	0.0346
-1.59693	0.1532	0.1269	1.4E-4	0.1601	0.08183
-1.58593	0.3303	0.05147	4E-5	0.0666	0.1765
-1.57593	0.6494	0.01906	1E-5	0.02527	0.3469
-1.56493	1.164	0.00648	1E-5	0.00874	0.6219
-1.55393	1.902	0.00209	0	0.00277	1.016
-1.54293	2.834	7.2E-4	1E-5	8.1E-4	1.514
-1.53293	3.851	3.7E-4	1E-5	2.3E-4	2.057
-1.52193	4.769	3.2E-4	2E-5	8E-5	2.548
-1.51093	5.386	3.4E-4	3E-5	5E-5	2.877
-1.49993	5.545	3.4E-4	5E-5	4E-5	2.962
-1.48893	5.205	3.3E-4	1E-4	5E-5	2.781
-1.47893	4.455	3E-4	1.9E-4	6E-5	2.38
-1.46793	3.476	2.6E-4	3.6E-4	8E-5	1.857
-1.45693	2.473	2.4E-4	6.1E-4	1.1E-4	1.321
-1.44593	1.604	2.5E-4	9.8E-4	1.6E-4	0.8571
-1.43493	0.949	2.8E-4	0.00143	2.2E-4	0.507
-1.42493	0.512	3.2E-4	0.00191	2.9E-4	0.2736
-1.41393	0.2522	3.7E-4	0.00233	3.6E-4	0.1348
-1.40293	0.1136	4.1E-4	0.00262	4E-4	0.06071
-1.39193	0.047	4.1E-4	0.00269	4.1E-4	0.02516
-1.38193	0.0181	3.8E-4	0.00255	3.8E-4	0.00972
-1.37093	0.00668	3.3E-4	0.00225	3.3E-4	0.00361
-1.35993	0.0025	2.7E-4	0.0019	2.6E-4	0.00138
-1.34893	0.00104	2E-4	0.00166	2E-4	5.9E-4
-1.33793	5.1E-4	1.6E-4	0.00171	1.6E-4	3E-4
-1.32793	2.9E-4	1.5E-4	0.00227	1.5E-4	1.8E-4
-1.31693	2E-4	1.9E-4	0.00362	1.9E-4	1.3E-4
-1.30593	1.8E-4	2.8E-4	0.00608	2.8E-4	1.2E-4
-1.29493	2E-4	4.3E-4	0.00995	4.4E-4	1.4E-4
-1.28393	2.4E-4	6.2E-4	0.01526	6.4E-4	1.7E-4
-1.27393	2.9E-4	8.3E-4	0.02166	8.6E-4	2E-4
-1.26293	3.4E-4	0.00102	0.02826	0.00106	2.3E-4
-1.25193	3.5E-4	0.00115	0.03377	0.00119	2.4E-4
-1.24093	3.4E-4	0.00119	0.0369	0.00122	2.3E-4
-1.22993	3E-4	0.00111	0.03683	0.00115	2E-4
-1.21993	2.4E-4	9.5E-4	0.03354	9.8E-4	1.6E-4
-1.20893	1.8E-4	7.5E-4	0.02787	7.6E-4	1.2E-4
-1.19793	1.2E-4	5.3E-4	0.02112	5.4E-4	8E-5
-1.18693	7E-5	3.5E-4	0.0146	3.5E-4	5E-5
-1.17693	4E-5	2.1E-4	0.0092	2.1E-4	3E-5
-1.16593	2E-5	1.1E-4	0.00529	1.1E-4	1E-5
-1.15493	1E-5	5E-5	0.00277	6E-5	1E-5
-1.14393	0	2E-5	0.00132	2E-5	0
-1.13293	0	1E-5	5.8E-4	1E-5	0
-1.12293	0	0	2.3E-4	0	0
-1.11193	0	0	8E-5	0	0
-1.10093	0	0	3E-5	0	0
-1.08993	0	0	1E-5	0	0
-1.07893	0	0	1E-5	0	0
-1.06893	0	0	2E-5	0	0
-1.05793	0	0	4E-5	0	0
-1.04693	0	0	1.2E-4	0	0
-1.03593	0	0	2.8E-4	0	0
-1.02493	0	1E-5	6.1E-4	1E-5	0
-1.01493	0	2E-5	0.00121	2E-5	0
-1.00393	0	4E-5	0.0022	4E-5	0
-0.99293	0	7E-5	0.00363	7E-5	0
-0.98193	0	1E-4	0.00547	1E-4	1E-5
-0.97193	0	1.4E-4	0.00751	1.4E-4	1E-5
-0.96093	1E-5	1.8E-4	0.0094	1.9E-4	1E-5
-0.94993	1E-5	2.1E-4	0.01074	2.2E-4	1E-5
-0.93893	1E-5	2.3E-4	0.01118	2.3E-4	2E-5
-0.92793	1E-5	2.2E-4	0.01061	2.2E-4	1E-5
-0.91793	1E-5	2E-4	0.00918	2E-4	1E-5
-0.90693	1E-5	1.6E-4	0.00724	1.6E-4	1E-5
-0.89593	0	1.2E-4	0.00521	1.2E-4	1E-5
-0.88493	0	8E-5	0.00342	8E-5	1E-5
-0.87393	0	5E-5	0.00204	5E-5	0
-0.86393	0	3E-5	0.00111	3E-5	0
-0.85293	0	1E-5	5.5E-4	1E-5	0
-0.84193	0	1E-5	2.5E-4	1E-5	0
-0.83093	0	0	1E-4	0	0
-0.81993	0	0	4E-5	0	0
-0.80993	0	0	1E-5	0	0
-0.79893	0	0	0	0	0
-0.78793	0	0	0	0	0
-0.77693	0	0	0	0	0
-0.76693	0	0	0	0	0
-0.75593	0	0	0	0	0
-0.74493	0	0	0	0	0
-0.73393	0	0	0	0	0
-0.72293	0	0	0	0	0
-0.71293	0	0	0	0	0
-0.70193	0	0	0	0	0
-0.69093	0	0	0	0	0
-0.67993	0	0	0	0	0
-0.66893	0	0	0	0	0
-0.65893	0	0	0	0	0
-0.64793	0	0	0	0	0
-0.63693	0	0	0	0	0
-0.62593	0	0	0	0	0
-0.61493	0	0	0	0	0
-0.60493	0	0	0	0	0
-0.59393	0	0	0	0	0
-0.58293	0	0	0	0	0
-0.57193	0	0	0	0	0
-0.56193	0	0	0	0	0
-0.55093	0	0	0	0	0
-0.53993	0	0	0	0	0
-0.52893	0	0	0	0	0
-0.51793	0	0	0	0	0
-0.50793	0	0	0	0	0
-0.49693	0	1E-5	0	1E-5	0
-0.48593	0	1E-5	0	1E-5	0
-0.47493	0	2E-5	0	2E-5	0
-0.46393	0	2E-5	0	2E-5	0
-0.45393	0	3E-5	0	3E-5	0
-0.44293	0	3E-5	0	3E-5	0
-0.43193	0	3E-5	0	3E-5	0
-0.42093	0	3E-5	0	3E-5	0
-0.40993	0	2E-5	0	2E-5	0
-0.39993	0	2E-5	0	2E-5	0
-0.38893	0	1E-5	0	1E-5	0
-0.37793	0	1E-5	0	1E-5	0
-0.36693	0	0	0	0	0
-0.35693	0	0	0	0	0
-0.34593	0	0	0	0	0
-0.33493	0	0	0	0	0
-0.32393	0	0	0	0	0
-0.31293	0	0	0	0	0
-0.30293	0	0	0	0	0
-0.29193	0	0	0	0	0
-0.28093	0	0	1E-5	0	0
-0.26993	0	1E-5	2E-5	1E-5	0
-0.25893	0	1E-5	4E-5	1E-5	0
-0.24893	0	2E-5	7E-5	2E-5	0
-0.23793	0	4E-5	1.3E-4	4E-5	0
-0.22693	0	7E-5	2.1E-4	7E-5	0
-0.21593	0	1.1E-4	3.1E-4	1E-4	0
-0.20493	0	1.5E-4	4.3E-4	1.5E-4	0
-0.19493	0	1.9E-4	5.3E-4	1.9E-4	0
-0.18393	1E-5	2.2E-4	6.1E-4	2.2E-4	0
-0.17293	1E-5	2.4E-4	6.4E-4	2.5E-4	0
-0.16193	1E-5	2.5E-4	6.2E-4	2.6E-4	0
-0.15193	1E-5	2.5E-4	5.7E-4	2.5E-4	0
-0.14093	0	2.4E-4	4.9E-4	2.4E-4	0
-0.12993	0	2.3E-4	4E-4	2.3E-4	0
-0.11893	0	2.2E-4	3.2E-4	2.1E-4	0
-0.10793	0	2.2E-4	2.5E-4	2.1E-4	0
-0.09793	0	2.3E-4	2E-4	2.3E-4	0
-0.08693	0	3E-4	1.6E-4	3E-4	0
-0.07593	0	4.5E-4	1.4E-4	4.4E-4	0
-0.06493	0	7E-4	1.4E-4	6.9E-4	0
-0.05393	0	0.00109	1.6E-4	0.00108	0
-0.04393	1E-5	0.00159	2.1E-4	0.00158	0
-0.03293	1E-5	0.00217	2.8E-4	0.00214	0
-0.02193	1E-5	0.00274	3.4E-4	0.0027	0
-0.01093	1E-5	0.00331	3.9E-4	0.00326	0
7E-5	1E-5	0.00408	4.1E-4	0.00402	0
0.01007	1E-5	0.00576	4E-4	0.00569	0
0.02107	1E-5	0.00997	3.5E-4	0.00988	0
0.03207	1E-5	0.01979	2.8E-4	0.01966	0
0.04307	1E-5	0.04016	2E-4	0.03997	0
0.05307	1E-5	0.07773	1.4E-4	0.07745	0
0.06407	0	0.1394	9E-5	0.139	0
0.07507	0	0.2291	5E-5	0.2286	0
0.08607	1E-5	0.344	3E-5	0.3435	0
0.09707	1E-5	0.4713	2E-5	0.4708	0
0.10707	1E-5	0.5889	2E-5	0.5887	0
0.11807	1E-5	0.6711	2E-5	0.6714	0
0.12907	1E-5	0.6975	2E-5	0.6982	0
0.14007	1E-5	0.661	2E-5	0.6621	0
0.15107	1E-5	0.5713	2E-5	0.5726	0
0.16107	1E-5	0.4503	1E-5	0.4516	0
0.17207	0	0.3236	1E-5	0.3248	0
0.18307	0	0.2121	1E-5	0.213	0
0.19407	0	0.1268	1E-5	0.1274	0
0.20507	0	0.0691	3E-5	0.06948	0
0.21507	0	0.03435	6E-5	0.03456	0
0.22607	0	0.01557	1.3E-4	0.01568	0
0.23707	0	0.00644	2.5E-4	0.00649	0
0.24807	0	0.00245	4.6E-4	0.00246	0
0.25807	0	8.7E-4	7.7E-4	8.8E-4	0
0.26907	0	3.3E-4	0.00118	3.3E-4	0
0.28007	0	2E-4	0.00165	1.9E-4	0
0.29107	0	2.1E-4	0.0021	2E-4	0
0.30207	0	2.7E-4	0.00244	2.6E-4	0
0.31207	0	3.4E-4	0.00259	3.3E-4	0
0.32307	0	3.9E-4	0.00251	3.8E-4	0
0.33407	0	4.1E-4	0.00222	4E-4	0
0.34507	0	4E-4	0.0018	3.9E-4	0
0.35607	0	3.5E-4	0.00133	3.4E-4	0
0.36607	0	2.9E-4	9E-4	2.8E-4	0
0.37707	0	2.1E-4	5.6E-4	2.1E-4	0
0.38807	0	1.5E-4	3.2E-4	1.4E-4	0
0.39907	0	1E-4	1.7E-4	9E-5	0
0.41007	0	6E-5	8E-5	6E-5	0
0.42007	0	5E-5	4E-5	4E-5	0
0.43107	0	4E-5	2E-5	4E-5	0
0.44207	0	3E-5	1E-5	4E-5	0
0.45307	0	3E-5	1E-5	3E-5	0
0.46307	0	3E-5	1E-5	3E-5	0
0.47407	0	3E-5	1E-5	3E-5	0
0.48507	0	2E-5	2E-5	2E-5	0
0.49607	0	2E-5	3E-5	2E-5	0
0.50707	0	1E-5	3E-5	1E-5	0
0.51707	0	1E-5	4E-5	1E-5	0
0.52807	0	1E-5	4E-5	1E-5	0
0.53907	0	1E-5	4E-5	1E-5	0
0.55007	0	0	3E-5	0	0
0.56107	0	0	2E-5	0	0
0.57107	0	0	2E-5	0	0
0.58207	0	0	1E-5	0	0
0.59307	0	0	1E-5	0	0
0.60407	0	0	0	0	0
0.61507	0	0	0	0	0
0.62507	0	0	0	0	0
0.63607	0	0	0	0	0
0.64707	0	0	0	0	0
0.65807	0	0	0	0	0
0.66807	0	0	0	0	0
0.67907	0	0	0	0	0
0.69007	0	0	0	0	0
0.70107	0	0	0	0	0
0.71207	0	0	0	0	0
0.72207	0	0	0	0	0
0.73307	0	0	0	0	0
0.74407	0	0	0	0	0
0.75507	0	0	1E-5	0	0
0.76607	0	0	2E-5	0	0
0.77607	0	1E-5	4E-5	1E-5	1E-5
0.78707	0	1E-5	1E-4	1E-5	1E-5
0.79807	0	3E-5	2E-4	3E-5	2E-5
0.80907	0	5E-5	3.9E-4	5E-5	3E-5
0.82007	0	9E-5	6.9E-4	9E-5	5E-5
0.83007	0	1.3E-4	0.00111	1.3E-4	7E-5
0.84107	1E-5	1.9E-4	0.00162	1.8E-4	8E-5
0.85207	1E-5	2.3E-4	0.00216	2.3E-4	1E-4
0.86307	1E-5	2.7E-4	0.00263	2.7E-4	1E-4
0.87307	1E-5	2.8E-4	0.00292	2.8E-4	1E-4
0.88407	1E-5	2.7E-4	0.00296	2.7E-4	8E-5
0.89507	0	2.3E-4	0.00272	2.3E-4	7E-5
0.90607	0	1.8E-4	0.00229	1.8E-4	5E-5
0.91707	0	1.3E-4	0.00176	1.3E-4	3E-5
0.92707	0	9E-5	0.00123	9E-5	2E-5
0.93807	0	5E-5	7.8E-4	5E-5	1E-5
0.94907	0	3E-5	4.6E-4	3E-5	1E-5
0.96007	0	1E-5	2.4E-4	1E-5	0
0.97107	0	1E-5	1.2E-4	1E-5	0
0.98107	0	0	5E-5	0	0
0.99207	0	0	2E-5	0	0
1.00307	0	0	1E-5	0	0
1.01407	0	0	0	0	0
1.02507	0	0	0	0	0
1.03507	0	0	0	0	0
1.04607	0	0	0	0	0
1.05707	0	0	0	0	0
1.06807	0	0	0	0	0
1.07807	0	1E-5	0	1E-5	0
1.08907	0	1E-5	0	1E-5	0
1.10007	0	1E-5	0	1E-5	0
1.11107	0	1E-5	1E-5	1E-5	0
1.12207	0	1E-5	1E-5	1E-5	0
1.13207	0	1E-5	1E-5	1E-5	0
1.14307	0	1E-5	0	1E-5	0
1.15407	0	1E-5	0	1E-5	0
1.16507	0	1E-5	0	1E-5	0
1.17607	1E-5	0	0	0	1E-5
1.18607	2E-5	0	1E-5	0	1E-5
1.19707	4E-5	0	2E-5	0	3E-5
1.20807	9E-5	1E-5	5E-5	1E-5	6E-5
1.21907	1.7E-4	1E-5	9E-5	1E-5	1.2E-4
1.23007	3.1E-4	2E-5	1.7E-4	2E-5	2.2E-4
1.24007	5.1E-4	4E-5	2.9E-4	4E-5	3.8E-4
1.25107	7.7E-4	7E-5	4.5E-4	6E-5	5.8E-4
1.26207	0.00106	1E-4	6.3E-4	9E-5	8.4E-4
1.27307	0.00136	1.3E-4	8.1E-4	1.2E-4	0.00113
1.28307	0.00162	1.6E-4	9.5E-4	1.6E-4	0.00145
1.29407	0.00181	1.8E-4	0.00102	1.8E-4	0.0018
1.30507	0.00193	1.9E-4	9.9E-4	1.8E-4	0.00223
1.31607	0.00201	1.8E-4	8.8E-4	1.8E-4	0.00276
1.32707	0.00208	1.5E-4	7.1E-4	1.6E-4	0.00342
1.33707	0.00218	1.2E-4	5.3E-4	1.4E-4	0.00415
1.34807	0.00227	9E-5	3.6E-4	1.1E-4	0.00485
1.35907	0.00232	6E-5	2.4E-4	9E-5	0.00534
1.37007	0.00227	4E-5	1.8E-4	7E-5	0.00546
1.38107	0.00209	2E-5	1.8E-4	6E-5	0.00515
1.39107	0.00178	2E-5	2.4E-4	5E-5	0.00446
1.40207	0.0014	2E-5	3.8E-4	5E-5	0.00353
1.41307	0.00101	2E-5	5.9E-4	5E-5	0.00256
1.42407	6.7E-4	2E-5	8.5E-4	6E-5	0.00169
1.43507	4E-4	3E-5	0.00114	7E-5	0.00102
1.44507	2.2E-4	5E-5	0.00144	9E-5	5.6E-4
1.45607	1.1E-4	1E-4	0.00174	1.4E-4	2.8E-4
1.46707	5E-5	2.3E-4	0.00207	2.8E-4	1.3E-4
1.47807	3E-5	5.8E-4	0.00249	6.5E-4	6E-5
1.48807	2E-5	0.00146	0.00304	0.00155	4E-5
1.49907	2E-5	0.00347	0.00373	0.00361	4E-5
1.51007	3E-5	0.0076	0.00448	0.00782	5E-5
1.52107	5E-5	0.01525	0.00512	0.01559	9E-5
1.53207	8E-5	0.02797	0.00548	0.02849	1.4E-4
1.54207	1.2E-4	0.04684	0.00543	0.04758	2.2E-4
1.55307	1.8E-4	0.07159	0.00494	0.07253	3.1E-4
1.56407	2.5E-4	0.09978	0.00412	0.1009	4.2E-4
1.57507	3.1E-4	0.1268	0.00314	0.128	5.3E-4
1.58607	3.6E-4	0.147	0.00219	0.1481	6.2E-4
1.59607	4E-4	0.1554	0.0014	0.1563	7E-4
1.60707	4.9E-4	0.1498	8.2E-4	0.1504	8.6E-4
1.61807	8E-4	0.1316	4.4E-4	0.1319	0.00145
1.62907	0.00188	0.1055	2.2E-4	0.1056	0.00349
1.64007	0.00516	0.07718	1E-4	0.07709	0.00966
1.65007	0.01401	0.05154	5E-5	0.05139	0.02628
1.66107	0.0354	0.03146	2E-5	0.03131	0.06647
1.67207	0.08202	0.01759	1E-5	0.01748	0.154
1.68307	0.1735	0.00906	1E-5	0.00899	0.3258
1.69307	0.3347	0.00434	1E-5	0.00429	0.6286
1.70407	0.5888	0.00196	1E-5	0.00194	1.106
1.71507	0.9443	8.6E-4	1E-5	8.5E-4	1.774
1.72607	1.381	3.8E-4	1E-5	3.8E-4	2.594
1.73707	1.841	1.8E-4	1E-5	1.8E-4	3.458
1.74707	2.238	1E-4	2E-5	1E-4	4.204
1.75807	2.481	7E-5	2E-5	7E-5	4.659
1.76907	2.507	6E-5	2E-5	5E-5	4.708
1.78007	2.31	5E-5	2E-5	5E-5	4.338
1.79107	1.94	4E-5	2E-5	4E-5	3.644
1.80107	1.486	3E-5	2E-5	3E-5	2.791
1.81207	1.038	2E-5	1E-5	2E-5	1.949
1.82307	0.6609	2E-5	1E-5	2E-5	1.241
1.83407	0.3837	1E-5	1E-5	1E-5	0.7206
1.84507	0.2031	1E-5	0	1E-5	0.3814
1.85507	0.09801	0	0	0	0.1841
1.86607	0.04313	0	0	0	0.081
1.87707	0.0173	0	0	0	0.0325
1.88807	0.00633	0	0	0	0.01189
1.89807	0.00211	0	0	0	0.00397
1.90907	6.4E-4	0	0	0	0.00121
1.92007	1.8E-4	0	0	0	3.4E-4
1.93107	5E-5	0	0	0	9E-5
1.94207	2E-5	0	0	0	3E-5
1.95207	2E-5	0	0	0	3E-5
1.96307	5E-5	0	0	0	7E-5
1.97407	1.3E-4	0	0	0	2.1E-4
1.98507	3.4E-4	0	0	0	5.3E-4
1.99607	8E-4	0	1E-5	0	0.00124
2.00607	0.0017	0	2E-5	0	0.00264
2.01707	0.00331	1E-5	5E-5	1E-5	0.00515
2.02807	0.00589	1E-5	1E-4	1E-5	0.00915
2.03907	0.00955	1E-5	1.9E-4	1E-5	0.01484
2.04907	0.01412	1E-5	3.3E-4	1E-5	0.02196
2.06007	0.01906	1E-5	5.4E-4	1E-5	0.02963
2.07107	0.02345	2E-5	8.1E-4	2E-5	0.03646
2.08207	0.02634	4E-5	0.0011	4E-5	0.04094
2.09307	0.027	7E-5	0.00136	6E-5	0.04194
2.10307	0.02528	1.1E-4	0.00155	1E-4	0.03923
2.11407	0.02165	1.5E-4	0.00161	1.4E-4	0.03354
2.12507	0.01699	2.1E-4	0.00154	1.9E-4	0.02624
2.13607	0.01226	2.6E-4	0.00135	2.4E-4	0.01883
2.14707	0.00817	3E-4	0.0011	2.8E-4	0.01246
2.15707	0.00508	3.1E-4	8.2E-4	2.9E-4	0.00764
2.16807	0.00297	3E-4	5.7E-4	2.8E-4	0.00439
2.17907	0.00166	2.6E-4	3.8E-4	2.5E-4	0.00239
2.19007	9E-4	2.1E-4	2.6E-4	2E-4	0.00125
2.20107	4.8E-4	1.6E-4	2.3E-4	1.5E-4	6.4E-4
2.21107	2.5E-4	1.1E-4	3E-4	1E-4	3.2E-4
2.22207	1.2E-4	6E-5	4.8E-4	6E-5	1.5E-4
2.23307	6E-5	4E-5	8E-4	4E-5	7E-5
2.24407	3E-5	2E-5	0.00125	2E-5	3E-5
2.25407	1E-5	1E-5	0.00182	1E-5	1E-5
2.26507	0	0	0.00241	0	1E-5
2.27607	0	0	0.00291	0	0
2.28707	0	0	0.00321	0	0
2.29807	0	0	0.00322	0	0
2.30807	0	0	0.00296	0	0
2.31907	0	0	0.00247	0	0
2.33007	0	0	0.00188	0	1E-5
2.34107	0	1E-5	0.00131	1E-5	1E-5
2.35207	0	1E-5	8.4E-4	1E-5	2E-5
2.36207	0	2E-5	5E-4	2E-5	3E-5
2.37307	1E-5	2E-5	2.8E-4	2E-5	5E-5
2.38407	1E-5	3E-5	1.6E-4	3E-5	7E-5
2.39507	1E-5	4E-5	1E-4	4E-5	9E-5
2.40607	2E-5	4E-5	8E-5	4E-5	1.1E-4
2.41607	2E-5	5E-5	8E-5	4E-5	1.2E-4
2.42707	2E-5	4E-5	8E-5	4E-5	1.3E-4
2.43807	2E-5	4E-5	9E-5	4E-5	1.4E-4
2.44907	2E-5	4E-5	1.3E-4	3E-5	1.6E-4
2.45907	4E-5	4E-5	2.2E-4	4E-5	2.3E-4
2.47007	7E-5	5E-5	4.2E-4	5E-5	4E-4
2.48107	1.5E-4	8E-5	7.8E-4	8E-5	7.3E-4
2.49207	3E-4	1.3E-4	0.00135	1.3E-4	0.00133
2.50307	5.7E-4	2.2E-4	0.00216	2.2E-4	0.00226
2.51307	9.9E-4	3.5E-4	0.00315	3.5E-4	0.00356
2.52407	0.00159	5E-4	0.00419	5E-4	0.00519
2.53507	0.00233	6.5E-4	0.0051	6.5E-4	0.007
2.54607	0.00314	7.8E-4	0.00565	7.8E-4	0.0087
2.55707	0.00386	8.5E-4	0.00571	8.4E-4	0.00999
2.56707	0.00436	8.4E-4	0.00525	8.4E-4	0.01058
2.57807	0.0045	7.6E-4	0.00441	7.6E-4	0.01033
2.58907	0.00424	6.3E-4	0.00338	6.3E-4	0.00929
2.60007	0.00366	4.8E-4	0.00236	4.7E-4	0.00768
2.61107	0.00288	3.3E-4	0.00151	3.3E-4	0.00584
2.62107	0.00207	2.2E-4	8.8E-4	2.1E-4	0.00408
2.63207	0.00136	1.4E-4	4.7E-4	1.4E-4	0.00261
2.64307	8.1E-4	1.3E-4	2.3E-4	1.1E-4	0.00153
2.65407	4.5E-4	1.9E-4	1.1E-4	1.6E-4	8.3E-4
2.66407	2.2E-4	3.8E-4	6E-5	3.2E-4	4.1E-4
2.67507	1E-4	8E-4	6E-5	6.8E-4	1.8E-4
2.68607	4E-5	0.00156	1E-4	0.00135	8E-5
2.69707	2E-5	0.00282	1.9E-4	0.00248	3E-5
2.70807	1E-5	0.00468	3.7E-4	0.0042	1E-5
2.71807	0	0.00721	6.4E-4	0.00658	0
2.72907	0	0.01034	0.00103	0.00962	0
2.74007	0	0.01399	0.00151	0.01326	0
2.75107	0	0.01811	0.00202	0.01742	0
2.76207	0	0.02272	0.00246	0.02213	0
2.77207	0	0.02783	0.00273	0.02737	0
2.78307	0	0.03328	0.00276	0.03296	0
2.79407	0	0.0385	0.00255	0.03835	0
2.80507	0	0.04251	0.00215	0.04256	0
2.81607	0	0.0442	0.00165	0.04449	0
2.82607	0	0.0428	0.00116	0.04334	0
2.83707	0	0.0383	7.4E-4	0.03903	0
2.84807	0	0.03151	4.4E-4	0.03233	0
2.85907	0	0.02375	2.7E-4	0.02455	0
2.86907	0	0.01637	2.3E-4	0.01705	0
2.88007	0	0.01031	3.7E-4	0.01082	0
2.89107	0	0.00592	7.8E-4	0.00626	0
2.90207	0	0.00311	0.00168	0.00331	0
2.91307	0	0.00148	0.00335	0.0016	0
2.92307	0	6.5E-4	0.00611	7E-4	0
2.93407	0	2.6E-4	0.01017	2.8E-4	0
2.94507	0	1E-4	0.01543	1E-4	0
2.95607	0	3E-5	0.02135	3E-5	0
2.96707	0	1E-5	0.02693	1E-5	0
2.97707	0	1E-5	0.03097	0	0
2.98807	0	1E-5	0.03247	0	1E-5
2.99907	0	1E-5	0.03104	0	1E-5
3.01007	1E-5	1E-5	0.02705	0	3E-5
3.02107	1E-5	1E-5	0.0215	1E-5	6E-5
3.03107	2E-5	2E-5	0.01558	2E-5	1.2E-4
3.04207	3E-5	3E-5	0.0103	3E-5	2E-4
3.05307	4E-5	6E-5	0.00622	6E-5	3.2E-4
3.06407	6E-5	8E-5	0.00343	8E-5	4.7E-4
3.07407	8E-5	1.2E-4	0.00174	1.2E-4	6.2E-4
3.08507	1E-4	1.5E-4	8.2E-4	1.5E-4	7.5E-4
3.09607	1.1E-4	1.7E-4	3.7E-4	1.7E-4	8.3E-4
3.10707	1.1E-4	1.8E-4	1.7E-4	1.8E-4	8.3E-4
3.11807	1E-4	1.7E-4	1E-4	1.7E-4	7.6E-4
3.12807	9E-5	1.5E-4	1.1E-4	1.5E-4	6.4E-4
3.13907	7E-5	1.2E-4	2.3E-4	1.2E-4	4.9E-4
3.15007	5E-5	9E-5	5.3E-4	9E-5	3.4E-4
3.16107	5E-5	6E-5	0.00124	6E-5	2.1E-4
3.17207	4E-5	4E-5	0.00266	4E-5	1.3E-4
3.18207	4E-5	3E-5	0.00525	3E-5	7E-5
3.19307	4E-5	3E-5	0.00943	3E-5	3E-5
3.20407	4E-5	5E-5	0.01545	5E-5	2E-5
3.21507	4E-5	8E-5	0.02308	7E-5	1E-5
3.22607	4E-5	1.2E-4	0.03144	1.2E-4	1E-5
3.23607	3E-5	1.7E-4	0.03905	1.7E-4	0
3.24707	3E-5	2.3E-4	0.04422	2.2E-4	0
3.25807	2E-5	2.7E-4	0.04565	2.7E-4	0
3.26907	2E-5	2.9E-4	0.04297	3E-4	0
3.27907	3E-5	2.9E-4	0.03688	3E-4	0
3.29007	5E-5	2.7E-4	0.02886	2.7E-4	1E-5
3.30107	1E-4	2.2E-4	0.02059	2.3E-4	1E-5
3.31207	1.9E-4	1.7E-4	0.0134	1.8E-4	1E-5
3.32307	3.1E-4	1.2E-4	0.00795	1.3E-4	1E-5
3.33307	4.9E-4	8E-5	0.00432	8E-5	1E-5
3.34407	6.9E-4	5E-5	0.00218	5E-5	1E-5
3.35507	9E-4	3E-5	0.00113	3E-5	1E-5
3.36607	0.00106	2E-5	8.5E-4	2E-5	2E-5
3.37707	0.00115	1E-5	0.00125	1E-5	3E-5
3.38707	0.00115	1E-5	0.0025	1E-5	5E-5
3.39807	0.00107	1E-5	0.005	0	7E-5
3.40907	9.3E-4	1E-5	0.00926	1E-5	1E-4
3.42007	7.8E-4	1E-5	0.01572	1E-5	1.3E-4
3.43107	6.5E-4	1E-5	0.0244	1E-5	1.6E-4
3.44107	5.5E-4	1E-5	0.03457	1E-5	1.9E-4
3.45207	4.8E-4	1E-5	0.04473	1E-5	1.9E-4
3.46307	4.2E-4	1E-5	0.05281	1E-5	1.9E-4
3.47407	3.6E-4	2E-5	0.0569	1E-5	1.7E-4
3.48407	3E-4	2E-5	0.05594	2E-5	1.4E-4
3.49507	2.3E-4	3E-5	0.05016	2E-5	1.1E-4
3.50607	1.6E-4	4E-5	0.04103	4E-5	7E-5
3.51707	1.1E-4	7E-5	0.03062	6E-5	5E-5
3.52807	7E-5	1E-4	0.02084	9E-5	3E-5
3.53807	5E-5	1.3E-4	0.01295	1.2E-4	2E-5
3.54907	3E-5	1.7E-4	0.00735	1.6E-4	2E-5
3.56007	3E-5	2E-4	0.00383	1.9E-4	1E-5
3.57107	3E-5	2.2E-4	0.00184	2.2E-4	2E-5
3.58207	4E-5	2.3E-4	8.4E-4	2.3E-4	2E-5
3.59207	4E-5	2.4E-4	3.8E-4	2.4E-4	2E-5
3.60307	4E-5	2.4E-4	1.8E-4	2.4E-4	3E-5
3.61407	4E-5	2.5E-4	1E-4	2.5E-4	4E-5
3.62507	5E-5	2.6E-4	6E-5	2.7E-4	6E-5
3.63607	6E-5	3E-4	5E-5	3E-4	9E-5
3.64607	8E-5	3.3E-4	5E-5	3.4E-4	1.6E-4
3.65707	1.1E-4	3.6E-4	7E-5	3.7E-4	2.5E-4
3.66807	1.6E-4	3.7E-4	1.5E-4	3.7E-4	3.8E-4
3.67907	2.1E-4	3.6E-4	3.4E-4	3.6E-4	5.4E-4
3.68907	2.7E-4	3.2E-4	7.1E-4	3.2E-4	6.9E-4
3.70007	3.2E-4	2.6E-4	0.00138	2.6E-4	8.2E-4
3.71107	3.4E-4	2.1E-4	0.00246	2E-4	8.8E-4
3.72207	3.3E-4	1.7E-4	0.004	1.6E-4	8.7E-4
3.73307	3E-4	1.6E-4	0.00595	1.5E-4	7.8E-4
3.74307	2.4E-4	2.1E-4	0.00806	2E-4	6.4E-4
3.75407	1.8E-4	3.4E-4	0.00996	3.2E-4	4.8E-4
3.76507	1.2E-4	5.5E-4	0.01123	5.2E-4	3.3E-4
3.77607	8E-5	8.4E-4	0.01154	8E-4	2E-4
3.78707	4E-5	0.0012	0.01082	0.00114	1.2E-4
3.79707	2E-5	0.00155	0.00927	0.00149	6E-5
3.80807	1E-5	0.00184	0.00727	0.00178	3E-5
3.81907	2E-5	0.00198	0.0053	0.00194	2E-5
3.83007	3E-5	0.00196	0.00375	0.00193	3E-5
3.84107	6E-5	0.00176	0.00286	0.00175	7E-5
3.85107	1.4E-4	0.00145	0.00279	0.00146	1.5E-4
3.86207	2.9E-4	0.0011	0.00356	0.00111	3E-4
3.87307	5.4E-4	7.6E-4	0.0051	7.8E-4	5.5E-4
3.88407	9.1E-4	4.9E-4	0.0072	5.1E-4	9.5E-4
3.89407	0.00142	3E-4	0.00952	3.1E-4	0.00147
3.90507	0.00202	1.7E-4	0.01157	1.8E-4	0.00209
3.91607	0.00261	9E-5	0.01286	1.1E-4	0.00271
3.92707	0.00308	5E-5	0.01306	7E-5	0.00319
3.93807	0.00331	3E-5	0.01211	4E-5	0.00344
3.94807	0.00326	2E-5	0.01026	3E-5	0.00339
3.95907	0.00293	2E-5	0.00795	3E-5	0.00307
3.97007	0.00241	2E-5	0.00565	3E-5	0.00258
3.98107	0.00183	1E-5	0.0037	3E-5	0.00207
3.99207	0.00132	1E-5	0.00226	3E-5	0.00167
4.00207	9.5E-4	2E-5	0.00135	3E-5	0.00149
4.01307	7.4E-4	2E-5	8.9E-4	3E-5	0.00155
4.02407	6.7E-4	4E-5	8.1E-4	5E-5	0.00179
4.03507	6.9E-4	6E-5	0.00106	8E-5	0.00215
4.04607	7.7E-4	1.1E-4	0.00167	1.2E-4	0.00249
4.05607	8.5E-4	1.7E-4	0.00275	1.8E-4	0.00276
4.06707	9.1E-4	2.5E-4	0.00454	2.7E-4	0.0029
4.07807	9.5E-4	3.5E-4	0.00739	3.7E-4	0.0029
4.08907	9.6E-4	4.7E-4	0.01178	4.9E-4	0.00281
4.09907	9.5E-4	6.1E-4	0.01816	6.3E-4	0.00263
4.11007	9E-4	7.6E-4	0.02661	8E-4	0.00239
4.12107	8.1E-4	9.3E-4	0.03657	9.9E-4	0.00209
4.13207	6.9E-4	0.00112	0.04665	0.00123	0.00174
4.14307	5.5E-4	0.00137	0.05486	0.00152	0.00136
4.15307	4.1E-4	0.00171	0.05921	0.0019	9.9E-4
4.16407	2.8E-4	0.00218	0.05849	0.0024	6.7E-4
4.17507	1.7E-4	0.00282	0.0528	0.00306	4.2E-4
4.18607	1E-4	0.00363	0.04352	0.00384	2.4E-4
4.19707	5E-5	0.00451	0.03275	0.00465	1.3E-4
4.20707	3E-5	0.0053	0.02254	0.00533	6E-5
4.21807	2E-5	0.00579	0.01428	0.0057	4E-5
4.22907	2E-5	0.00585	0.00857	0.00564	5E-5
4.24007	4E-5	0.00541	0.00537	0.00513	9E-5
4.25107	9E-5	0.00459	0.00433	0.00427	1.8E-4
4.26107	1.8E-4	0.00356	0.00506	0.00326	3.6E-4
4.27207	3.2E-4	0.00252	0.0072	0.00227	6.5E-4
4.28307	5.4E-4	0.00163	0.01033	0.00145	0.00109
4.29407	8.3E-4	9.7E-4	0.01389	8.5E-4	0.00166
4.30407	0.00116	5.3E-4	0.01715	4.6E-4	0.00231
4.31507	0.00148	2.7E-4	0.01935	2.3E-4	0.00294
4.32607	0.00172	1.3E-4	0.01995	1.2E-4	0.00341
4.33707	0.00182	7E-5	0.01886	6E-5	0.00361
4.34807	0.00176	5E-5	0.01654	5E-5	0.00349
4.35807	0.00155	8E-5	0.01389	8E-5	0.00307
4.36907	0.00125	1.7E-4	0.01208	1.7E-4	0.00247
4.38007	9.3E-4	3.5E-4	0.0123	3.4E-4	0.00183
4.39107	6.6E-4	6.7E-4	0.01557	6.6E-4	0.00126
4.40207	4.6E-4	0.0012	0.02249	0.00118	8.3E-4
4.41207	3.6E-4	0.00197	0.03294	0.00194	5.8E-4
4.42307	3.5E-4	0.00299	0.04588	0.00295	4.7E-4
4.43407	3.9E-4	0.00418	0.0592	0.00414	4.8E-4
4.44507	4.6E-4	0.00538	0.07019	0.00535	5.4E-4
4.45607	5.4E-4	0.00638	0.07626	0.00639	6.2E-4
4.46607	5.8E-4	0.00698	0.07589	0.00703	6.8E-4
4.47707	5.8E-4	0.00704	0.0692	0.00714	6.9E-4
4.48807	5.4E-4	0.00656	0.05787	0.0067	6.5E-4
4.49907	4.6E-4	0.00565	0.0445	0.00581	5.7E-4
4.50907	3.6E-4	0.00453	0.03164	0.00468	4.7E-4
4.52007	2.6E-4	0.00343	0.02115	0.00355	3.8E-4
4.53107	1.7E-4	0.00254	0.01384	0.00261	3.3E-4
4.54207	1.1E-4	0.00195	0.00968	0.00197	3.6E-4
4.55307	7E-5	0.00165	0.00804	0.00161	4.9E-4
4.56307	6E-5	0.00156	0.00806	0.00148	7.3E-4
4.57407	6E-5	0.00158	0.00886	0.00146	0.00109
4.58507	7E-5	0.0016	0.00971	0.00147	0.00153
4.59607	8E-5	0.00157	0.01009	0.00144	0.00197
4.60707	1E-4	0.00147	0.00979	0.00135	0.00232
4.61707	1.1E-4	0.00133	0.00886	0.00124	0.00251
4.62807	1.1E-4	0.00121	0.00754	0.00114	0.0025
4.63907	1.1E-4	0.00119	0.00609	0.00113	0.00228
4.65007	1.1E-4	0.00135	0.00476	0.0013	0.00193
4.66107	1.1E-4	0.00184	0.00367	0.00177	0.00152
4.67107	1E-4	0.00283	0.00285	0.0027	0.00114
4.68207	1.1E-4	0.00453	0.00231	0.00428	8.2E-4
4.69307	1.1E-4	0.00709	0.00201	0.00669	5.9E-4
4.70407	1.2E-4	0.01055	0.00191	0.00995	4.3E-4
4.71407	1.1E-4	0.01467	0.00204	0.01389	3.2E-4
4.72507	1.1E-4	0.01891	0.00249	0.01802	2.5E-4
4.73607	9E-5	0.0225	0.00352	0.02161	1.8E-4
4.74707	7E-5	0.02463	0.00551	0.02389	1.3E-4
4.75807	5E-5	0.02481	0.00891	0.02433	9E-5
4.76807	4E-5	0.02307	0.01406	0.02287	6E-5
4.77907	4E-5	0.01999	0.02088	0.02005	4E-5
4.79007	5E-5	0.01655	0.02868	0.01679	2E-5
4.80107	8E-5	0.01376	0.03617	0.01413	2E-5
4.81207	1.5E-4	0.0124	0.04171	0.01285	3E-5
4.82207	2.5E-4	0.01278	0.0439	0.01336	4E-5
4.83307	4E-4	0.01483	0.04217	0.01561	5E-5
4.84407	5.9E-4	0.01822	0.03694	0.01928	7E-5
4.85507	7.9E-4	0.02262	0.02952	0.02397	9E-5
4.86607	9.7E-4	0.02776	0.02152	0.02936	1.1E-4
4.87607	0.00108	0.03344	0.01433	0.0352	1.1E-4
4.88707	0.00109	0.03938	0.00876	0.04117	1.1E-4
4.89807	0.00101	0.04507	0.005	0.04678	1E-4
4.90907	8.6E-4	0.04982	0.00281	0.05137	8E-5
4.91907	6.6E-4	0.05298	0.00183	0.05429	6E-5
4.93007	4.7E-4	0.05416	0.00173	0.05517	4E-5
4.94107	3.1E-4	0.0534	0.0023	0.05399	3E-5
4.95207	2.2E-4	0.05098	0.00346	0.05104	2E-5
4.96307	1.8E-4	0.04734	0.00513	0.04677	2E-5
4.97307	2.2E-4	0.04283	0.00715	0.04166	3E-5
4.98407	3.3E-4	0.03779	0.00927	0.03611	5E-5
4.99507	5.2E-4	0.03251	0.01112	0.03055	8E-5
5.00607	7.7E-4	0.02731	0.01239	0.02529	1.2E-4
5.01707	0.00107	0.02245	0.01291	0.02057	1.9E-4
5.02707	0.00137	0.01811	0.01273	0.0165	2.7E-4
5.03807	0.00162	0.01438	0.01209	0.01308	3.6E-4
5.04907	0.00177	0.01129	0.01126	0.01029	4.6E-4
5.06007	0.0018	0.00888	0.01041	0.00815	5.5E-4
5.07107	0.00171	0.00714	0.00962	0.00664	6.1E-4
5.08107	0.00153	0.00606	0.00889	0.00574	6.3E-4
5.09207	0.0013	0.00555	0.00824	0.00536	6.1E-4
5.10307	0.00106	0.00545	0.00774	0.00537	5.5E-4
5.11407	8.4E-4	0.00561	0.00749	0.00563	4.5E-4
5.12407	6.6E-4	0.0059	0.00756	0.00599	3.5E-4
5.13507	5.3E-4	0.00625	0.008	0.00642	2.5E-4
5.14607	4.4E-4	0.00671	0.00884	0.00695	1.7E-4
5.15707	3.8E-4	0.00735	0.01028	0.00768	1.2E-4
5.16807	3.3E-4	0.00826	0.01274	0.00869	8E-5
5.17807	2.8E-4	0.00938	0.01678	0.00993	6E-5
5.18907	2.3E-4	0.01057	0.02279	0.01123	5E-5
5.20007	1.8E-4	0.01152	0.03067	0.01225	6E-5
5.21107	1.3E-4	0.01196	0.03949	0.0127	9E-5
5.22207	1.1E-4	0.01173	0.04759	0.01242	1.4E-4
5.23207	1E-4	0.01088	0.05299	0.01147	2.2E-4
5.24307	1.1E-4	0.00965	0.05418	0.01011	3.1E-4
5.25407	1.5E-4	0.00836	0.05072	0.0087	4.2E-4
5.26507	2.3E-4	0.00733	0.04344	0.00759	5.2E-4
5.27507	3.6E-4	0.00681	0.03414	0.00704	6E-4
5.28607	5.7E-4	0.00695	0.02488	0.00718	6.4E-4
5.29707	9E-4	0.00776	0.01743	0.00799	6.4E-4
5.30807	0.00136	0.00909	0.01295	0.00928	6.1E-4
5.31907	0.00196	0.01061	0.012	0.01068	5.7E-4
5.32907	0.00265	0.01186	0.01468	0.01174	5.3E-4
5.34007	0.00337	0.01243	0.02068	0.01207	4.9E-4
5.35107	0.00402	0.01204	0.02913	0.01146	4.5E-4
5.36207	0.00451	0.01072	0.03854	0.01	4.2E-4
5.37307	0.00475	0.00875	0.0469	0.008	3.8E-4
5.38307	0.00471	0.00656	0.05218	0.00587	3.3E-4
5.39407	0.00438	0.00456	0.05299	0.00401	2.7E-4
5.40507	0.00382	0.00304	0.0491	0.00264	2.1E-4
5.41607	0.00311	0.00214	0.04156	0.00187	1.6E-4
5.42707	0.00234	0.00183	0.03221	0.00167	1.1E-4
5.43707	0.00164	0.00202	0.02301	0.00194	7E-5
5.44807	0.00106	0.00257	0.0154	0.00254	5E-5
5.45907	6.3E-4	0.00328	0.01003	0.00331	3E-5
5.47007	3.4E-4	0.00394	0.0068	0.00402	2E-5
5.48007	1.7E-4	0.00436	0.00519	0.0045	1E-5
5.49107	8E-5	0.00443	0.00455	0.00461	1E-5
5.50207	4E-5	0.00412	0.00434	0.00433	1E-5
5.51307	2E-5	0.00355	0.0042	0.00376	1E-5
5.52407	2E-5	0.00289	0.00401	0.00308	3E-5
5.53407	4E-5	0.00233	0.00381	0.00249	6E-5
5.54507	8E-5	0.00201	0.00371	0.00214	1.2E-4
5.55607	1.5E-4	0.00199	0.00383	0.00209	2.3E-4
5.56707	2.6E-4	0.00222	0.00424	0.00231	3.9E-4
5.57807	4E-4	0.00259	0.00492	0.00267	6.1E-4
5.58807	5.8E-4	0.00293	0.00574	0.00301	8.7E-4
5.59907	7.5E-4	0.00311	0.0065	0.00319	0.00113
5.61007	8.9E-4	0.00304	0.00696	0.00311	0.00135
5.62107	9.7E-4	0.00272	0.00694	0.00279	0.00148
5.63207	9.7E-4	0.00223	0.00638	0.00229	0.00149
5.64207	8.9E-4	0.00168	0.00539	0.00173	0.0014
5.65307	7.6E-4	0.00118	0.00417	0.00121	0.00124
5.66407	6.2E-4	7.9E-4	0.00297	8.1E-4	0.00105
5.67507	4.9E-4	5.3E-4	0.00196	5.4E-4	8.9E-4
5.68507	3.9E-4	3.8E-4	0.00126	4E-4	7.7E-4
5.69607	3.2E-4	3.2E-4	8.9E-4	3.4E-4	6.9E-4
5.70707	2.9E-4	3.2E-4	8.7E-4	3.4E-4	6.4E-4
5.71807	2.7E-4	3.7E-4	0.00117	3.9E-4	6.1E-4
5.72907	2.8E-4	4.5E-4	0.00181	4.8E-4	6E-4
5.73907	3E-4	5.9E-4	0.00277	6.2E-4	5.9E-4
5.75007	3.2E-4	7.8E-4	0.004	8.3E-4	5.8E-4
5.76107	3.4E-4	0.00102	0.00537	0.00108	5.7E-4
5.77207	3.7E-4	0.0013	0.00676	0.00137	5.4E-4
5.78307	3.9E-4	0.00158	0.00802	0.00167	5.2E-4
5.79307	4E-4	0.00183	0.00903	0.00192	5E-4
5.80407	4.1E-4	0.00201	0.00975	0.0021	4.8E-4
5.81507	4.1E-4	0.00209	0.01015	0.00216	4.6E-4
5.82607	4E-4	0.00206	0.01024	0.00213	4.5E-4
5.83707	4E-4	0.00196	0.01002	0.00201	4.5E-4
5.84707	4E-4	0.00179	0.00956	0.00183	4.5E-4
5.85807	4.1E-4	0.0016	0.00901	0.00163	4.6E-4
5.86907	4.3E-4	0.0014	0.00859	0.00143	5E-4
5.88007	4.6E-4	0.00123	0.00852	0.00126	5.5E-4
5.89007	4.9E-4	0.00112	0.00894	0.00115	6.2E-4
5.90107	5E-4	0.00109	0.00981	0.00112	6.9E-4
5.91207	5E-4	0.00114	0.01089	0.00119	7.6E-4
5.92307	4.7E-4	0.00129	0.01179	0.00135	8.3E-4
5.93407	4.4E-4	0.0015	0.01218	0.00157	9E-4
5.94407	4.2E-4	0.00173	0.0119	0.00182	9.9E-4
5.95507	4.2E-4	0.00197	0.01105	0.00207	0.00108
5.96607	4.8E-4	0.00219	0.00991	0.00231	0.00115
5.97707	6E-4	0.0024	0.00882	0.00253	0.0012
5.98807	7.9E-4	0.00261	0.00799	0.00276	0.0012
5.99807	0.00104	0.0028	0.00749	0.00296	0.00118
6.00907	0.00136	0.00294	0.0072	0.00311	0.00112
6.02007	0.0017	0.003	0.00695	0.00318	0.00104
6.03107	0.00205	0.00299	0.00663	0.00316	9.5E-4
6.04207	0.00237	0.00294	0.00629	0.0031	8.5E-4
6.05207	0.00262	0.0029	0.00609	0.00305	7.2E-4
6.06307	0.00277	0.00295	0.00631	0.00309	5.9E-4
6.07407	0.00278	0.00312	0.00714	0.00323	4.6E-4
6.08507	0.00264	0.00337	0.00862	0.00347	3.3E-4
6.09507	0.00236	0.00363	0.01057	0.00371	2.2E-4
6.10607	0.00198	0.00379	0.01261	0.00386	1.4E-4
6.11707	0.00156	0.00381	0.01435	0.00386	9E-5
6.12807	0.00117	0.00369	0.01553	0.00373	6E-5
6.13907	8.7E-4	0.00349	0.01609	0.00351	5E-5
6.14907	7E-4	0.0033	0.01621	0.00331	6E-5
6.16007	6.6E-4	0.0032	0.01609	0.00318	8E-5
6.17107	7.3E-4	0.00317	0.01585	0.00314	1.1E-4
6.18207	8.8E-4	0.00316	0.01541	0.00313	1.4E-4
6.19307	0.00105	0.0031	0.01462	0.00306	1.7E-4
6.20307	0.00121	0.00291	0.01338	0.00287	1.9E-4
6.21407	0.00133	0.00258	0.01181	0.00255	2E-4
6.22507	0.00141	0.00216	0.01027	0.00214	1.9E-4
6.23607	0.00149	0.00172	0.00924	0.0017	1.8E-4
6.24707	0.00159	0.00135	0.00915	0.00134	1.6E-4
6.25707	0.00174	0.00113	0.01026	0.00111	1.4E-4
6.26807	0.00194	0.00112	0.01253	0.00109	1.3E-4
6.27907	0.00215	0.00134	0.01574	0.0013	1.3E-4
6.29007	0.0023	0.00179	0.01958	0.00173	1.4E-4
6.30007	0.00233	0.00241	0.0238	0.00234	1.6E-4
6.31107	0.00221	0.00308	0.02831	0.003	1.9E-4
6.32207	0.00197	0.00367	0.03309	0.00358	2.4E-4
6.33307	0.00165	0.00403	0.0381	0.00395	2.9E-4
6.34407	0.00131	0.00407	0.04311	0.00401	3.5E-4
6.35407	0.00101	0.00379	0.04755	0.00375	4E-4
6.36507	7.7E-4	0.00325	0.05061	0.00323	4.2E-4
6.37607	5.9E-4	0.00258	0.05137	0.00258	4.1E-4
6.38707	4.5E-4	0.00191	0.04923	0.00192	3.7E-4
6.39807	3.7E-4	0.00134	0.04422	0.00135	3.2E-4
6.40807	3.4E-4	9.4E-4	0.03705	9.6E-4	2.7E-4
6.41907	3.9E-4	7.6E-4	0.02898	7.9E-4	2.7E-4
6.43007	5.4E-4	8.4E-4	0.02135	8.9E-4	3.4E-4
6.44107	8.2E-4	0.00121	0.01516	0.0013	5.2E-4
6.45207	0.00127	0.00192	0.01084	0.00205	8.5E-4
6.46207	0.00188	0.00294	0.00825	0.00312	0.00133
6.47307	0.00262	0.00417	0.00694	0.0044	0.00193
6.48407	0.00338	0.00544	0.00634	0.00569	0.00259
6.49507	0.00403	0.00649	0.00603	0.00674	0.00317
6.50507	0.00444	0.00707	0.00579	0.0073	0.00356
6.51607	0.0045	0.00705	0.00558	0.00724	0.00367
6.52707	0.00421	0.00644	0.00557	0.00658	0.00347
6.53807	0.00365	0.00541	0.00601	0.00551	0.00302
6.54907	0.00296	0.00423	0.00717	0.0043	0.00244
6.55907	0.00228	0.00316	0.00922	0.00321	0.00183
6.57007	0.00174	0.00245	0.01209	0.00248	0.0013
6.58107	0.00138	0.00223	0.01542	0.00227	8.9E-4
6.59207	0.00118	0.00262	0.01856	0.00265	6E-4
6.60307	0.0011	0.00362	0.02078	0.00366	4E-4
6.61307	0.00106	0.00518	0.02153	0.00524	2.8E-4
6.62407	0.00103	0.00711	0.02065	0.0072	2.2E-4
6.63507	9.8E-4	0.00911	0.01843	0.00923	2.1E-4
6.64607	9E-4	0.01082	0.01549	0.01097	2.4E-4
6.65707	8.1E-4	0.01191	0.01253	0.01209	3.2E-4
6.66707	7.1E-4	0.01221	0.01015	0.01239	4.4E-4
6.67807	6.3E-4	0.01172	0.0087	0.01189	6.1E-4
6.68907	5.6E-4	0.01064	0.00836	0.0108	8E-4
6.70007	5.1E-4	0.00923	0.00921	0.00938	0.001
6.71007	4.9E-4	0.00776	0.01139	0.00791	0.00115
6.72107	5.1E-4	0.00642	0.01504	0.00657	0.00124
6.73207	5.8E-4	0.00531	0.02014	0.00548	0.00124
6.74307	6.9E-4	0.00446	0.02637	0.00464	0.00117
6.75407	8.6E-4	0.00388	0.03296	0.00406	0.00105
6.76407	0.00104	0.00355	0.03874	0.00369	9.5E-4
6.77507	0.00121	0.00342	0.04245	0.00349	9.1E-4
6.78607	0.00132	0.00343	0.04318	0.00342	9.5E-4
6.79707	0.00134	0.00349	0.04073	0.0034	0.00109
6.80807	0.00125	0.00354	0.03571	0.00338	0.0013
6.81807	0.00108	0.00348	0.02933	0.00328	0.00157
6.82907	8.7E-4	0.00328	0.02288	0.00307	0.00183
6.84007	6.7E-4	0.00294	0.01734	0.00276	0.00206
6.85107	4.9E-4	0.00253	0.01315	0.00238	0.00222
6.86207	3.6E-4	0.00211	0.01025	0.002	0.0023
6.87207	2.8E-4	0.00176	0.00831	0.00169	0.0023
6.88307	2.4E-4	0.00155	0.00705	0.00149	0.00223
6.89407	2.4E-4	0.00148	0.0063	0.00143	0.00211
6.90507	2.7E-4	0.00156	0.00611	0.0015	0.00193
6.91507	3.2E-4	0.00175	0.00663	0.00167	0.00172
6.92607	3.9E-4	0.00199	0.00794	0.00189	0.0015
6.93707	4.6E-4	0.00222	0.00995	0.0021	0.00127
6.94807	5.2E-4	0.00238	0.01234	0.00225	0.00105
6.95907	5.5E-4	0.00242	0.01458	0.00229	8.6E-4
6.96907	5.6E-4	0.00232	0.0161	0.0022	7.1E-4
6.98007	5.6E-4	0.0021	0.01653	0.00198	6E-4
6.99107	5.8E-4	0.00179	0.01578	0.00169	5.4E-4
7.00207	6.4E-4	0.00147	0.01414	0.00139	5.4E-4
7.01307	7.7E-4	0.0012	0.01207	0.00114	6E-4
7.02307	9.8E-4	0.00104	0.01003	0.001	7.4E-4
7.03407	0.00128	0.00105	0.0083	0.00101	9.6E-4
7.04507	0.00163	0.00124	0.00692	0.00121	0.00126
7.05607	0.00201	0.00161	0.0058	0.00157	0.00161
7.06707	0.00236	0.00213	0.0048	0.00208	0.00198
7.07707	0.00264	0.00271	0.00385	0.00266	0.00229
7.08807	0.00281	0.00325	0.00295	0.00321	0.0025
7.09907	0.00286	0.00362	0.00215	0.0036	0.00257
7.11007	0.00285	0.00373	0.00151	0.00373	0.00253
7.12007	0.00287	0.00354	0.00105	0.00357	0.00247
7.13107	0.00304	0.0031	7.9E-4	0.00315	0.00248
7.14207	0.0034	0.00251	6.9E-4	0.00257	0.00265
7.15307	0.00395	0.0019	7.5E-4	0.00196	0.00301
7.16407	0.00456	0.00137	9.6E-4	0.00142	0.0035
7.17407	0.00506	9.7E-4	0.00141	0.00101	0.00398
7.18507	0.00528	7.4E-4	0.00227	7.6E-4	0.00429
7.19607	0.00514	6.5E-4	0.00392	6.7E-4	0.00432
7.20707	0.00465	7E-4	0.00702	7.1E-4	0.00404
7.21807	0.00395	8.6E-4	0.01243	8.6E-4	0.0035
7.22807	0.00321	0.00109	0.02105	0.00109	0.00283
7.23907	0.00259	0.00137	0.03333	0.00137	0.00216
7.25007	0.00216	0.00164	0.04879	0.00164	0.0016
7.26107	0.00195	0.00187	0.06562	0.00187	0.00119
7.27207	0.00188	0.00203	0.08084	0.00202	9.4E-4
7.28207	0.00191	0.00212	0.09113	0.00211	8.4E-4
7.29307	0.00198	0.00217	0.09402	0.00214	8.5E-4
7.30407	0.00209	0.00218	0.08892	0.00214	9.6E-4
7.31507	0.00229	0.00217	0.07736	0.00212	0.00117
7.32507	0.00265	0.00214	0.06239	0.00209	0.00145
7.33607	0.00323	0.00206	0.04733	0.00202	0.0018
7.34707	0.00399	0.00193	0.03473	0.00191	0.00218
7.35807	0.00481	0.00176	0.02576	0.00176	0.00252
7.36907	0.00553	0.00156	0.02035	0.00159	0.00277
7.37907	0.00594	0.00138	0.01765	0.00144	0.00287
7.39007	0.00595	0.00124	0.01669	0.00132	0.00283
7.40107	0.00562	0.00113	0.01675	0.00122	0.00268
7.41207	0.00516	0.00105	0.01756	0.00114	0.00251
7.42307	0.00492	9.7E-4	0.01922	0.00106	0.00242
7.43307	0.00526	9.1E-4	0.02184	9.9E-4	0.00251
7.44407	0.00644	8.7E-4	0.02528	9.4E-4	0.00285
7.45507	0.00852	9E-4	0.02895	9.7E-4	0.0034
7.46607	0.01128	0.00106	0.03189	0.00112	0.0041
7.47707	0.01422	0.00137	0.03314	0.00143	0.00481
7.48707	0.01671	0.00184	0.03214	0.00192	0.00537
7.49807	0.01816	0.00244	0.02894	0.00253	0.00567
7.50907	0.01826	0.0031	0.02424	0.00321	0.00568
7.52007	0.0171	0.00375	0.01904	0.00386	0.00549
7.53007	0.01514	0.00431	0.01432	0.00441	0.00527
7.54107	0.013	0.00473	0.01077	0.0048	0.0052
7.55207	0.0113	0.00499	0.0087	0.00503	0.00544
7.56307	0.01043	0.00513	0.00809	0.00512	0.00605
7.57407	0.01045	0.00521	0.00874	0.00515	0.00695
7.58407	0.01113	0.00526	0.01031	0.00515	0.00793
7.59507	0.01205	0.00532	0.01246	0.00516	0.00874
7.60607	0.01276	0.00535	0.01477	0.00516	0.00912
7.61707	0.01294	0.0053	0.01679	0.00509	0.00894
7.62807	0.01246	0.00511	0.01809	0.00493	0.00818
7.63807	0.01144	0.00476	0.01834	0.00463	0.00703
7.64907	0.01011	0.00426	0.01741	0.00421	0.00571
7.66007	0.00871	0.00367	0.01548	0.00371	0.00443
7.67107	0.00739	0.00304	0.01292	0.00318	0.00335
7.68207	0.00617	0.00244	0.01019	0.00265	0.00251
7.69207	0.00505	0.00189	0.00769	0.00214	0.00189
7.70307	0.00398	0.00142	0.00561	0.00167	0.00141
7.71407	0.00298	0.00103	0.004	0.00125	0.00104
7.72507	0.00209	7.2E-4	0.0028	8.8E-4	7.4E-4
7.73507	0.00136	4.8E-4	0.00191	5.9E-4	5E-4
7.74607	8.1E-4	3E-4	0.00126	3.7E-4	3.1E-4
7.75707	4.5E-4	1.8E-4	7.8E-4	2.1E-4	1.9E-4
7.76807	2.3E-4	1E-4	4.6E-4	1.1E-4	1E-4
7.77907	1E-4	5E-5	2.5E-4	6E-5	5E-5
7.78907	4E-5	2E-5	1.2E-4	3E-5	2E-5
7.80007	2E-5	1E-5	6E-5	1E-5	1E-5
7.81107	1E-5	0	2E-5	0	0
7.82207	0	0	1E-5	0	0
7.83307	0	0	0	0	0
7.84307	0	0	0	0	0
7.85407	0	0	0	0	0
7.86507	0	0	0	0	0
7.87607	0	0	0	0	0
7.88707	0	0	0	0	0
7.89707	0	0	0	0	0
7.90807	0	0	0	0	0
7.91907	0	0	0	0	0
7.93007	0	0	0	0	0
7.94007	0	0	0	0	0
7.95107	0	0	0	0	0
7.96207	0	0	0	0	0
7.97307	0	0	0	0	0
7.98407	0	0	0	0	0
7.99407	0	0	0	0	0
8.00507	0	0	0	0	0
8.01607	0	0	0	0	0
8.02707	0	0	0	0	0
8.03807	0	0	0	0	0
8.04807	0	0	0	0	0
8.05907	0	0	0	0	0
8.07007	0	0	0	0	0
8.08107	0	0	0	0	0
8.09207	0	0	0	0	0
8.10207	0	0	0	0	0
8.11307	0	0	0	0	0
8.12407	0	0	0	0	0
8.13507	0	0	0	0	0
8.14507	0	0	0	0	0
8.15607	0	0	0	0	0
8.16707	0	0	0	0	0
8.17807	0	0	0	0	0
8.18907	0	0	0	0	0
8.19907	0	0	0	0	0
8.21007	0	0	0	0	0
8.22107	0	0	0	0	0
8.23207	0	0	0	0	0
8.24307	0	0	0	0	0
8.25307	0	0	0	0	0
8.26407	0	0	0	0	0
8.27507	0	0	0	0	0
8.28607	0	0	0	0	0
8.29707	0	0	0	0	0
8.30707	0	0	0	0	0
8.31807	0	0	0	0	0
8.32907	0	0	0	0	0
8.34007	0	0	0	0	0
8.35007	0	0	0	0	0
8.36107	0	0	0	0	0
8.37207	0	0	0	0	0
8.38307	0	0	0	0	0
8.39407	0	0	0	0	0
8.40407	0	0	0	0	0
8.41507	0	0	0	0	0
8.42607	0	0	0	0	0
8.43707	0	0	0	0	0
8.44807	0	0	0	0	0
8.45807	0	0	0	0	0
8.46907	0	0	0	0	0
8.48007	0	0	0	0	0
8.49107	0	0	0	0	0
8.50207	0	0	0	0	0
8.51207	0	0	0	0	0
8.52307	0	0	0	0	0
8.53407	0	0	0	0	0
8.54507	0	0	0	0	0
8.55507	0	0	0	0	0
8.56607	0	0	0	0	0
8.57707	0	0	0	0	0
8.58807	0	0	0	0	0
8.59907	0	0	0	0	0
8.60907	0	0	0	0	0
8.62007	0	0	0	0	0
8.63107	0	0	0	0	0
8.64207	0	0	0	0	0
8.65307	0	0	0	0	0
8.66307	0	0	0	0	0
8.67407	0	0	0	0	0
8.68507	0	0	0	0	0
8.69607	0	0	0	0	0
8.70607	0	0	0	0	0
8.71707	0	0	0	0	0
8.72807	0	0	0	0	0
8.73907	0	0	0	0	0
8.75007	0	0	0	0	0
8.76007	0	0	0	0	0
8.77107	0	0	0	0	0
8.78207	0	0	0	0	0
8.79307	0	0	0	0	0
8.80407	0	0	0	0	0
8.81407	0	0	0	0	0
8.82507	0	0	0	0	0
8.83607	0	0	0	0	0
8.84707	0	0	0	0	0
8.85807	0	0	0	0	0
8.86807	0	0	0	0	0
8.87907	0	0	0	0	0
8.89007	0	0	0	0	0
8.90107	0	0	0	0	0
8.91107	0	0	0	0	0
8.92207	0	0	0	0	0
8.93307	0	0	0	0	0
8.94407	0	0	0	0	0
8.95507	0	0	0	0	0
8.96507	0	0	0	0	0
8.97607	0	0	0	0	0
8.98707	0	0	0	0	0
8.99807	0	0	0	0	0
9.00907	0	0	0	0	0
9.01907	0	0	0	0	0
9.03007	0	0	0	0	0
9.04107	0	0	0	0	0
9.05207	0	0	0	0	0
9.06307	0	0	0	0	0
9.07307	0	0	0	0	0
9.08407	0	0	0	0	0
9.09507	0	0	0	0	0
9.10607	0	0	0	0	0
9.11607	0	0	0	0	0
9.12707	0	0	0	0	0
9.13807	0	0	0	0	0
9.14907	0	0	0	0	0
9.16007	0	0	0	0	0
9.17007	0	0	0	0	0
9.18107	0	0	0	0	0