#Energy	pz
-23.18693	0
-23.17593	0
-23.16493	0
-23.15393	0
-23.14393	0
-23.13293	0
-23.12193	0
-23.11093	0
-23.09993	0
-23.08993	0
-23.07893	0
-23.06793	0
-23.05693	0
-23.04593	0
-23.03593	0
-23.02493	0
-23.01393	0
-23.00293	0
-22.99193	0
-22.98193	0
-22.97093	0
-22.95993	0
-22.94893	0
-22.93893	0
-22.92793	0
-22.91693	0
-22.90593	0
-22.89493	0
-22.88493	0
-22.87393	0
-22.86293	0
-22.85193	0
-22.84093	0
-22.83093	0
-22.81993	0
-22.80893	0
-22.79793	0
-22.78693	0
-22.77693	0
-22.76593	0
-22.75493	0
-22.74393	0
-22.73393	0
-22.72293	0
-22.71193	0
-22.70093	0
-22.68993	0
-22.67993	0
-22.66893	0
-22.65793	0
-22.64693	0
-22.63593	0
-22.62593	0
-22.61493	0
-22.60393	0
-22.59293	0
-22.58193	0
-22.57193	0
-22.56093	0
-22.54993	0
-22.53893	0
-22.52893	0
-22.51793	0
-22.50693	0
-22.49593	0
-22.48493	0
-22.47493	0
-22.46393	0
-22.45293	0
-22.44193	0
-22.43093	0
-22.42093	0
-22.40993	0
-22.39893	0
-22.38793	0
-22.37693	0
-22.36693	0
-22.35593	0
-22.34493	0
-22.33393	0
-22.32393	0
-22.31293	0
-22.30193	0
-22.29093	0
-22.27993	0
-22.26993	0
-22.25893	0
-22.24793	0
-22.23693	0
-22.22593	0
-22.21593	0
-22.20493	0
-22.19393	0
-22.18293	0
-22.17193	0
-22.16193	0
-22.15093	0
-22.13993	0
-22.12893	0
-22.11893	0
-22.10793	0
-22.09693	0
-22.08593	0
-22.07493	0
-22.06493	0
-22.05393	0
-22.04293	0
-22.03193	0
-22.02093	0
-22.01093	0
-21.99993	0
-21.98893	0
-21.97793	0
-21.96693	0
-21.95693	0
-21.94593	0
-21.93493	0
-21.92393	0
-21.91393	0
-21.90293	0
-21.89193	0
-21.88093	0
-21.86993	0
-21.85993	0
-21.84893	0
-21.83793	0
-21.82693	0
-21.81593	-1E-5
-21.80593	-2E-5
-21.79493	-5E-5
-21.78393	-1E-4
-21.77293	-1.8E-4
-21.76293	-2.9E-4
-21.75193	-4.4E-4
-21.74093	-6E-4
-21.72993	-7.5E-4
-21.71893	-8.5E-4
-21.70893	-8.7E-4
-21.69793	-8.2E-4
-21.68693	-7.1E-4
-21.67593	-5.6E-4
-21.66493	-4E-4
-21.65493	-2.6E-4
-21.64393	-1.5E-4
-21.63293	-8E-5
-21.62193	-4E-5
-21.61093	-2E-5
-21.60093	-1E-5
-21.58993	0
-21.57893	0
-21.56793	0
-21.55793	0
-21.54693	0
-21.53593	0
-21.52493	0
-21.51393	0
-21.50393	0
-21.49293	0
-21.48193	0
-21.47093	0
-21.45993	0
-21.44993	0
-21.43893	-1E-5
-21.42793	-3E-5
-21.41693	-6E-5
-21.40593	-1.4E-4
-21.39593	-2.6E-4
-21.38493	-4.5E-4
-21.37393	-7.2E-4
-21.36293	-0.00105
-21.35293	-0.00138
-21.34193	-0.00167
-21.33093	-0.00184
-21.31993	-0.00184
-21.30893	-0.00169
-21.29893	-0.00141
-21.28793	-0.00107
-21.27693	-7.4E-4
-21.26593	-4.7E-4
-21.25493	-2.7E-4
-21.24493	-1.4E-4
-21.23393	-7E-5
-21.22293	-3E-5
-21.21193	-1E-5
-21.20093	0
-21.19093	0
-21.17993	0
-21.16893	0
-21.15793	0
-21.14793	0
-21.13693	0
-21.12593	0
-21.11493	0
-21.10393	0
-21.09393	0
-21.08293	0
-21.07193	0
-21.06093	0
-21.04993	0
-21.03993	0
-21.02893	0
-21.01793	0
-21.00693	0
-20.99593	0
-20.98593	0
-20.97493	0
-20.96393	0
-20.95293	0
-20.94293	0
-20.93193	0
-20.92093	0
-20.90993	0
-20.89893	0
-20.88893	0
-20.87793	0
-20.86693	0
-20.85593	0
-20.84493	0
-20.83493	0
-20.82393	0
-20.81293	0
-20.80193	0
-20.79093	0
-20.78093	0
-20.76993	0
-20.75893	0
-20.74793	0
-20.73793	0
-20.72693	0
-20.71593	0
-20.70493	0
-20.69393	0
-20.68393	0
-20.67293	0
-20.66193	0
-20.65093	0
-20.63993	-1E-5
-20.62993	-2E-5
-20.61893	-4E-5
-20.60793	-9E-5
-20.59693	-1.7E-4
-20.58593	-3E-4
-20.57593	-4.8E-4
-20.56493	-7E-4
-20.55393	-9.4E-4
-20.54293	-0.00115
-20.53293	-0.00129
-20.52193	-0.00131
-20.51093	-0.00121
-20.49993	-0.00103
-20.48893	-7.9E-4
-20.47893	-5.5E-4
-20.46793	-3.6E-4
-20.45693	-2.1E-4
-20.44593	-1.1E-4
-20.43493	-5E-5
-20.42493	-2E-5
-20.41393	-1E-5
-20.40293	0
-20.39193	0
-20.38093	0
-20.37093	0
-20.35993	0
-20.34893	0
-20.33793	0
-20.32793	0
-20.31693	0
-20.30593	0
-20.29493	0
-20.28393	0
-20.27393	0
-20.26293	-1E-5
-20.25193	-1E-5
-20.24093	-2E-5
-20.22993	-3E-5
-20.21993	-5E-5
-20.20893	-6E-5
-20.19793	-8E-5
-20.18693	-9E-5
-20.17593	-9E-5
-20.16593	-8E-5
-20.15493	-7E-5
-20.14393	-5E-5
-20.13293	-3E-5
-20.12293	-2E-5
-20.11193	-1E-5
-20.10093	-1E-5
-20.08993	0
-20.07893	0
-20.06893	0
-20.05793	0
-20.04693	0
-20.03593	0
-20.02493	0
-20.01493	0
-20.00393	0
-19.99293	0
-19.98193	0
-19.97093	0
-19.96093	0
-19.94993	0
-19.93893	0
-19.92793	0
-19.91793	0
-19.90693	0
-19.89593	0
-19.88493	0
-19.87393	0
-19.86393	0
-19.85293	0
-19.84193	0
-19.83093	0
-19.81993	0
-19.80993	0
-19.79893	0
-19.78793	0
-19.77693	0
-19.76593	0
-19.75593	0
-19.74493	0
-19.73393	0
-19.72293	0
-19.71293	0
-19.70193	0
-19.69093	0
-19.67993	0
-19.66893	0
-19.65893	0
-19.64793	0
-19.63693	0
-19.62593	0
-19.61493	0
-19.60493	0
-19.59393	0
-19.58293	0
-19.57193	0
-19.56093	0
-19.55093	0
-19.53993	0
-19.52893	0
-19.51793	0
-19.50793	0
-19.49693	0
-19.48593	0
-19.47493	0
-19.46393	0
-19.45393	0
-19.44293	0
-19.43193	0
-19.42093	0
-19.40993	0
-19.39993	0
-19.38893	0
-19.37793	0
-19.36693	0
-19.35593	0
-19.34593	0
-19.33493	0
-19.32393	0
-19.31293	0
-19.30293	0
-19.29193	0
-19.28093	0
-19.26993	0
-19.25893	0
-19.24893	0
-19.23793	0
-19.22693	0
-19.21593	0
-19.20493	0
-19.19493	0
-19.18393	0
-19.17293	0
-19.16193	-1E-5
-19.15093	-2E-5
-19.14093	-5E-5
-19.12993	-1E-4
-19.11893	-1.9E-4
-19.10793	-3.2E-4
-19.09793	-4.9E-4
-19.08693	-6.8E-4
-19.07593	-8.7E-4
-19.06493	-0.001
-19.05393	-0.00105
-19.04393	-0.00101
-19.03293	-8.9E-4
-19.02193	-7.1E-4
-19.01093	-5.2E-4
-18.99993	-3.4E-4
-18.98993	-2.1E-4
-18.97893	-1.1E-4
-18.96793	-6E-5
-18.95693	-3E-5
-18.94593	-1E-5
-18.93593	-1E-5
-18.92493	0
-18.91393	0
-18.90293	0
-18.89293	-1E-5
-18.88193	-1E-5
-18.87093	-1E-5
-18.85993	-1E-5
-18.84893	-1E-5
-18.83893	-1E-5
-18.82793	-1E-5
-18.81693	-1E-5
-18.80593	-1E-5
-18.79493	-1E-5
-18.78493	-2E-5
-18.77393	-3E-5
-18.76293	-3E-5
-18.75193	-4E-5
-18.74093	-4E-5
-18.73093	-4E-5
-18.71993	-4E-5
-18.70893	-3E-5
-18.69793	-3E-5
-18.68793	-3E-5
-18.67693	-3E-5
-18.66593	-4E-5
-18.65493	-5E-5
-18.64393	-5E-5
-18.63393	-6E-5
-18.62293	-6E-5
-18.61193	-5E-5
-18.60093	-4E-5
-18.58993	-3E-5
-18.57993	-2E-5
-18.56893	-1E-5
-18.55793	-1E-5
-18.54693	0
-18.53693	0
-18.52593	0
-18.51493	0
-18.50393	0
-18.49293	0
-18.48293	-1E-5
-18.47193	-1E-5
-18.46093	-1E-5
-18.44993	-2E-5
-18.43893	-2E-5
-18.42893	-2E-5
-18.41793	-3E-5
-18.40693	-3E-5
-18.39593	-4E-5
-18.38493	-5E-5
-18.37493	-7E-5
-18.36393	-9E-5
-18.35293	-1.3E-4
-18.34193	-1.7E-4
-18.33193	-2.2E-4
-18.32093	-2.8E-4
-18.30993	-3.3E-4
-18.29893	-3.7E-4
-18.28793	-3.8E-4
-18.27793	-3.6E-4
-18.26693	-3.2E-4
-18.25593	-2.6E-4
-18.24493	-1.9E-4
-18.23393	-1.3E-4
-18.22393	-8E-5
-18.21293	-5E-5
-18.20193	-3E-5
-18.19093	-2E-5
-18.17993	-1E-5
-18.16993	-1E-5
-18.15893	-1E-5
-18.14793	-1E-5
-18.13693	-1E-5
-18.12693	-1E-5
-18.11593	0
-18.10493	-1E-5
-18.09393	-1E-5
-18.08293	-1E-5
-18.07293	-1E-5
-18.06193	-2E-5
-18.05093	-3E-5
-18.03993	-4E-5
-18.02893	-5E-5
-18.01893	-7E-5
-18.00793	-1E-4
-17.99693	-1.3E-4
-17.98593	-1.8E-4
-17.97493	-2.5E-4
-17.96493	-3.3E-4
-17.95393	-4.2E-4
-17.94293	-5.1E-4
-17.93193	-5.8E-4
-17.92193	-6.2E-4
-17.91093	-6.3E-4
-17.89993	-6E-4
-17.88893	-5.4E-4
-17.87793	-4.8E-4
-17.86793	-4E-4
-17.85693	-3.4E-4
-17.84593	-2.7E-4
-17.83493	-2.2E-4
-17.82393	-1.7E-4
-17.81393	-1.4E-4
-17.80293	-1.1E-4
-17.79193	-1E-4
-17.78093	-9E-5
-17.76993	-1.1E-4
-17.75993	-1.3E-4
-17.74893	-1.6E-4
-17.73793	-2E-4
-17.72693	-2.5E-4
-17.71693	-2.8E-4
-17.70593	-3.1E-4
-17.69493	-3.2E-4
-17.68393	-3.2E-4
-17.67293	-3.1E-4
-17.66293	-2.9E-4
-17.65193	-2.6E-4
-17.64093	-2.4E-4
-17.62993	-2.2E-4
-17.61893	-2.1E-4
-17.60893	-2.1E-4
-17.59793	-2.1E-4
-17.58693	-2.3E-4
-17.57593	-2.4E-4
-17.56493	-2.6E-4
-17.55493	-2.7E-4
-17.54393	-2.8E-4
-17.53293	-2.7E-4
-17.52193	-2.5E-4
-17.51193	-2.1E-4
-17.50093	-1.7E-4
-17.48993	-1.3E-4
-17.47893	-1E-4
-17.46793	-8E-5
-17.45793	-7E-5
-17.44693	-6E-5
-17.43593	-6E-5
-17.42493	-6E-5
-17.41393	-6E-5
-17.40393	-7E-5
-17.39293	-7E-5
-17.38193	-6E-5
-17.37093	-6E-5
-17.35993	-6E-5
-17.34993	-5E-5
-17.33893	-4E-5
-17.32793	-3E-5
-17.31693	-2E-5
-17.30693	-2E-5
-17.29593	-1E-5
-17.28493	-1E-5
-17.27393	-1E-5
-17.26293	0
-17.25293	0
-17.24193	0
-17.23093	0
-17.21993	0
-17.20893	0
-17.19893	0
-17.18793	0
-17.17693	0
-17.16593	0
-17.15493	0
-17.14493	0
-17.13393	0
-17.12293	0
-17.11193	0
-17.10193	0
-17.09093	0
-17.07993	0
-17.06893	0
-17.05793	0
-17.04793	0
-17.03693	0
-17.02593	0
-17.01493	0
-17.00393	0
-16.99393	0
-16.98293	0
-16.97193	0
-16.96093	0
-16.94993	0
-16.93993	0
-16.92893	0
-16.91793	0
-16.90693	0
-16.89693	0
-16.88593	0
-16.87493	0
-16.86393	0
-16.85293	0
-16.84293	0
-16.83193	0
-16.82093	0
-16.80993	0
-16.79893	0
-16.78893	0
-16.77793	0
-16.76693	0
-16.75593	0
-16.74493	0
-16.73493	0
-16.72393	0
-16.71293	0
-16.70193	0
-16.69193	0
-16.68093	0
-16.66993	0
-16.65893	0
-16.64793	0
-16.63793	0
-16.62693	0
-16.61593	0
-16.60493	0
-16.59393	0
-16.58393	0
-16.57293	0
-16.56193	0
-16.55093	0
-16.53993	0
-16.52993	0
-16.51893	0
-16.50793	0
-16.49693	0
-16.48693	0
-16.47593	0
-16.46493	0
-16.45393	0
-16.44293	0
-16.43293	0
-16.42193	0
-16.41093	0
-16.39993	0
-16.38893	0
-16.37893	0
-16.36793	0
-16.35693	0
-16.34593	0
-16.33493	0
-16.32493	0
-16.31393	0
-16.30293	0
-16.29193	0
-16.28193	0
-16.27093	0
-16.25993	0
-16.24893	0
-16.23793	0
-16.22793	0
-16.21693	0
-16.20593	0
-16.19493	0
-16.18393	0
-16.17393	0
-16.16293	0
-16.15193	0
-16.14093	0
-16.12993	0
-16.11993	0
-16.10893	0
-16.09793	0
-16.08693	0
-16.07693	0
-16.06593	0
-16.05493	0
-16.04393	0
-16.03293	0
-16.02293	0
-16.01193	0
-16.00093	0
-15.98993	0
-15.97893	0
-15.96893	0
-15.95793	0
-15.94693	0
-15.93593	0
-15.92493	0
-15.91493	0
-15.90393	0
-15.89293	0
-15.88193	0
-15.87193	0
-15.86093	0
-15.84993	0
-15.83893	0
-15.82793	0
-15.81793	-1E-5
-15.80693	-1E-5
-15.79593	-1E-5
-15.78493	-1E-5
-15.77393	0
-15.76393	0
-15.75293	0
-15.74193	0
-15.73093	0
-15.71993	0
-15.70993	0
-15.69893	0
-15.68793	0
-15.67693	0
-15.66693	0
-15.65593	0
-15.64493	-1E-5
-15.63393	-1E-5
-15.62293	-3E-5
-15.61293	-5E-5
-15.60193	-8E-5
-15.59093	-1.2E-4
-15.57993	-1.6E-4
-15.56893	-2.1E-4
-15.55893	-2.4E-4
-15.54793	-2.5E-4
-15.53693	-2.4E-4
-15.52593	-2.2E-4
-15.51493	-1.8E-4
-15.50493	-1.4E-4
-15.49393	-1E-4
-15.48293	-8E-5
-15.47193	-7E-5
-15.46193	-7E-5
-15.45093	-9E-5
-15.43993	-1.2E-4
-15.42893	-1.6E-4
-15.41793	-1.9E-4
-15.40793	-2.2E-4
-15.39693	-2.3E-4
-15.38593	-2.2E-4
-15.37493	-2E-4
-15.36393	-1.7E-4
-15.35393	-1.4E-4
-15.34293	-1.1E-4
-15.33193	-9E-5
-15.32093	-8E-5
-15.30993	-6E-5
-15.29993	-5E-5
-15.28893	-4E-5
-15.27793	-3E-5
-15.26693	-2E-5
-15.25693	-1E-5
-15.24593	-1E-5
-15.23493	0
-15.22393	0
-15.21293	0
-15.20293	0
-15.19193	0
-15.18093	0
-15.16993	0
-15.15893	0
-15.14893	0
-15.13793	0
-15.12693	0
-15.11593	0
-15.10593	0
-15.09493	0
-15.08393	0
-15.07293	0
-15.06193	0
-15.05193	0
-15.04093	0
-15.02993	0
-15.01893	0
-15.00793	0
-14.99793	0
-14.98693	0
-14.97593	0
-14.96493	0
-14.95393	0
-14.94393	0
-14.93293	0
-14.92193	0
-14.91093	0
-14.90093	0
-14.88993	0
-14.87893	0
-14.86793	0
-14.85693	0
-14.84693	0
-14.83593	0
-14.82493	0
-14.81393	0
-14.80293	0
-14.79293	0
-14.78193	0
-14.77093	0
-14.75993	0
-14.74893	0
-14.73893	0
-14.72793	0
-14.71693	0
-14.70593	0
-14.69593	0
-14.68493	0
-14.67393	0
-14.66293	0
-14.65193	0
-14.64193	0
-14.63093	0
-14.61993	0
-14.60893	0
-14.59793	0
-14.58793	0
-14.57693	0
-14.56593	0
-14.55493	0
-14.54393	0
-14.53393	0
-14.52293	0
-14.51193	0
-14.50093	0
-14.49093	0
-14.47993	0
-14.46893	0
-14.45793	0
-14.44693	0
-14.43693	0
-14.42593	-1E-5
-14.41493	-1E-5
-14.40393	-1E-5
-14.39293	-2E-5
-14.38293	-2E-5
-14.37193	-2E-5
-14.36093	-2E-5
-14.34993	-1E-5
-14.33893	-1E-5
-14.32893	-1E-5
-14.31793	0
-14.30693	0
-14.29593	0
-14.28593	0
-14.27493	0
-14.26393	0
-14.25293	0
-14.24193	0
-14.23193	0
-14.22093	0
-14.20993	0
-14.19893	0
-14.18793	0
-14.17793	0
-14.16693	0
-14.15593	0
-14.14493	0
-14.13393	0
-14.12393	0
-14.11293	0
-14.10193	0
-14.09093	0
-14.08093	0
-14.06993	0
-14.05893	0
-14.04793	0
-14.03693	0
-14.02693	0
-14.01593	0
-14.00493	0
-13.99393	0
-13.98293	0
-13.97293	0
-13.96193	0
-13.95093	0
-13.93993	0
-13.92893	0
-13.91893	0
-13.90793	0
-13.89693	0
-13.88593	0
-13.87593	0
-13.86493	0
-13.85393	0
-13.84293	0
-13.83193	0
-13.82193	0
-13.81093	0
-13.79993	0
-13.78893	-1E-5
-13.77793	-1E-5
-13.76793	-2E-5
-13.75693	-3E-5
-13.74593	-5E-5
-13.73493	-7E-5
-13.72393	-8E-5
-13.71393	-9E-5
-13.70293	-1E-4
-13.69193	-9E-5
-13.68093	-8E-5
-13.67093	-6E-5
-13.65993	-5E-5
-13.64893	-3E-5
-13.63793	-2E-5
-13.62693	-1E-5
-13.61693	0
-13.60593	0
-13.59493	0
-13.58393	0
-13.57293	0
-13.56293	0
-13.55193	0
-13.54093	0
-13.52993	0
-13.51893	0
-13.50893	0
-13.49793	0
-13.48693	0
-13.47593	0
-13.46593	0
-13.45493	0
-13.44393	0
-13.43293	0
-13.42193	0
-13.41193	0
-13.40093	0
-13.38993	0
-13.37893	0
-13.36793	0
-13.35793	0
-13.34693	0
-13.33593	0
-13.32493	0
-13.31393	0
-13.30393	0
-13.29293	0
-13.28193	0
-13.27093	0
-13.26093	0
-13.24993	0
-13.23893	0
-13.22793	0
-13.21693	0
-13.20693	0
-13.19593	0
-13.18493	0
-13.17393	0
-13.16293	0
-13.15293	0
-13.14193	0
-13.13093	0
-13.11993	0
-13.10893	0
-13.09893	0
-13.08793	0
-13.07693	0
-13.06593	0
-13.05593	0
-13.04493	0
-13.03393	0
-13.02293	0
-13.01193	0
-13.00193	0
-12.99093	0
-12.97993	0
-12.96893	0
-12.95793	0
-12.94793	0
-12.93693	0
-12.92593	0
-12.91493	0
-12.90393	0
-12.89393	0
-12.88293	0
-12.87193	0
-12.86093	0
-12.85093	0
-12.83993	0
-12.82893	0
-12.81793	0
-12.80693	0
-12.79693	0
-12.78593	0
-12.77493	0
-12.76393	0
-12.75293	0
-12.74293	0
-12.73193	0
-12.72093	0
-12.70993	0
-12.69893	0
-12.68893	0
-12.67793	0
-12.66693	0
-12.65593	0
-12.64593	0
-12.63493	0
-12.62393	0
-12.61293	0
-12.60193	0
-12.59193	0
-12.58093	0
-12.56993	0
-12.55893	0
-12.54793	0
-12.53793	0
-12.52693	-1E-5
-12.51593	-1E-5
-12.50493	-2E-5
-12.49393	-3E-5
-12.48393	-4E-5
-12.47293	-5E-5
-12.46193	-7E-5
-12.45093	-8E-5
-12.44093	-1E-4
-12.42993	-1.3E-4
-12.41893	-2E-4
-12.40793	-3E-4
-12.39693	-4.5E-4
-12.38693	-6.3E-4
-12.37593	-8.3E-4
-12.36493	-0.001
-12.35393	-0.0011
-12.34293	-0.00111
-12.33293	-0.00102
-12.32193	-8.5E-4
-12.31093	-6.6E-4
-12.29993	-4.8E-4
-12.28893	-3.6E-4
-12.27893	-3.1E-4
-12.26793	-3.5E-4
-12.25693	-4.7E-4
-12.24593	-6.5E-4
-12.23593	-8.7E-4
-12.22493	-0.00108
-12.21393	-0.00122
-12.20293	-0.00126
-12.19193	-0.00119
-12.18193	-0.00102
-12.17093	-8E-4
-12.15993	-5.7E-4
-12.14893	-3.7E-4
-12.13793	-2.2E-4
-12.12793	-1.2E-4
-12.11693	-6E-5
-12.10593	-3E-5
-12.09493	-2E-5
-12.08393	-1E-5
-12.07393	-2E-5
-12.06293	-4E-5
-12.05193	-8E-5
-12.04093	-1.2E-4
-12.03093	-1.8E-4
-12.01993	-2.4E-4
-12.00893	-2.9E-4
-11.99793	-3.3E-4
-11.98693	-3.5E-4
-11.97693	-3.4E-4
-11.96593	-3.4E-4
-11.95493	-3.4E-4
-11.94393	-3.7E-4
-11.93293	-4.2E-4
-11.92293	-4.9E-4
-11.91193	-5.5E-4
-11.90093	-5.8E-4
-11.88993	-5.7E-4
-11.87893	-5.1E-4
-11.86893	-4.2E-4
-11.85793	-3.2E-4
-11.84693	-2.2E-4
-11.83593	-1.4E-4
-11.82593	-8E-5
-11.81493	-4E-5
-11.80393	-2E-5
-11.79293	-1E-5
-11.78193	0
-11.77193	0
-11.76093	0
-11.74993	0
-11.73893	0
-11.72793	0
-11.71793	0
-11.70693	0
-11.69593	0
-11.68493	0
-11.67493	0
-11.66393	0
-11.65293	0
-11.64193	0
-11.63093	0
-11.62093	0
-11.60993	0
-11.59893	0
-11.58793	0
-11.57693	0
-11.56693	0
-11.55593	0
-11.54493	0
-11.53393	0
-11.52293	0
-11.51293	0
-11.50193	0
-11.49093	0
-11.47993	0
-11.46993	0
-11.45893	0
-11.44793	0
-11.43693	0
-11.42593	0
-11.41593	0
-11.40493	0
-11.39393	-1E-5
-11.38293	-1E-5
-11.37193	-3E-5
-11.36193	-6E-5
-11.35093	-1.1E-4
-11.33993	-1.9E-4
-11.32893	-3E-4
-11.31793	-4.2E-4
-11.30793	-5.5E-4
-11.29693	-6.4E-4
-11.28593	-6.9E-4
-11.27493	-6.7E-4
-11.26493	-5.9E-4
-11.25393	-4.8E-4
-11.24293	-3.6E-4
-11.23193	-2.4E-4
-11.22093	-1.5E-4
-11.21093	-8E-5
-11.19993	-4E-5
-11.18893	-2E-5
-11.17793	-1E-5
-11.16693	-1E-5
-11.15693	-2E-5
-11.14593	-4E-5
-11.13493	-7E-5
-11.12393	-1.3E-4
-11.11293	-2.2E-4
-11.10293	-3.3E-4
-11.09193	-4.6E-4
-11.08093	-5.8E-4
-11.06993	-6.7E-4
-11.05993	-7.1E-4
-11.04893	-6.9E-4
-11.03793	-6.2E-4
-11.02693	-5.2E-4
-11.01593	-4E-4
-11.00593	-3E-4
-10.99493	-2E-4
-10.98393	-1.3E-4
-10.97293	-8E-5
-10.96193	-5E-5
-10.95193	-3E-5
-10.94093	-2E-5
-10.92993	-1E-5
-10.91893	0
-10.90793	0
-10.89793	0
-10.88693	0
-10.87593	0
-10.86493	0
-10.85493	0
-10.84393	0
-10.83293	0
-10.82193	0
-10.81093	0
-10.80093	0
-10.78993	0
-10.77893	0
-10.76793	0
-10.75693	0
-10.74693	0
-10.73593	0
-10.72493	0
-10.71393	0
-10.70293	0
-10.69293	0
-10.68193	0
-10.67093	0
-10.65993	0
-10.64993	0
-10.63893	0
-10.62793	0
-10.61693	0
-10.60593	0
-10.59593	0
-10.58493	0
-10.57393	0
-10.56293	0
-10.55193	0
-10.54193	0
-10.53093	0
-10.51993	0
-10.50893	0
-10.49793	0
-10.48793	0
-10.47693	0
-10.46593	0
-10.45493	0
-10.44493	0
-10.43393	0
-10.42293	0
-10.41193	0
-10.40093	-1E-5
-10.39093	-2E-5
-10.37993	-4E-5
-10.36893	-1E-4
-10.35793	-1.9E-4
-10.34693	-3.5E-4
-10.33693	-5.7E-4
-10.32593	-8.6E-4
-10.31493	-0.00118
-10.30393	-0.00148
-10.29293	-0.00169
-10.28293	-0.00176
-10.27193	-0.00167
-10.26093	-0.00144
-10.24993	-0.00114
-10.23993	-8.2E-4
-10.22893	-5.4E-4
-10.21793	-3.2E-4
-10.20693	-1.8E-4
-10.19593	-9E-5
-10.18593	-5E-5
-10.17493	-4E-5
-10.16393	-6E-5
-10.15293	-1.1E-4
-10.14193	-1.9E-4
-10.13193	-3.3E-4
-10.12093	-5E-4
-10.10993	-7.1E-4
-10.09893	-9.1E-4
-10.08793	-0.00106
-10.07793	-0.00113
-10.06693	-0.0011
-10.05593	-9.8E-4
-10.04493	-7.9E-4
-10.03493	-5.8E-4
-10.02393	-3.9E-4
-10.01293	-2.4E-4
-10.00193	-1.3E-4
-9.99093	-7E-5
-9.98093	-3E-5
-9.96993	-1E-5
-9.95893	-1E-5
-9.94793	0
-9.93693	0
-9.92693	0
-9.91593	0
-9.90493	0
-9.89393	0
-9.88293	0
-9.87293	0
-9.86193	0
-9.85093	0
-9.83993	0
-9.82993	0
-9.81893	0
-9.80793	0
-9.79693	0
-9.78593	0
-9.77593	0
-9.76493	0
-9.75393	-1E-5
-9.74293	-3E-5
-9.73193	-7E-5
-9.72193	-1.7E-4
-9.71093	-3.5E-4
-9.69993	-6.6E-4
-9.68893	-0.00113
-9.67793	-0.00179
-9.66793	-0.00258
-9.65693	-0.00341
-9.64593	-0.00411
-9.63493	-0.00452
-9.62493	-0.00455
-9.61393	-0.00419
-9.60293	-0.00352
-9.59193	-0.00271
-9.58093	-0.0019
-9.57093	-0.00122
-9.55993	-7.2E-4
-9.54893	-3.8E-4
-9.53793	-1.9E-4
-9.52693	-8E-5
-9.51693	-3E-5
-9.50593	-1E-5
-9.49493	0
-9.48393	0
-9.47293	0
-9.46293	0
-9.45193	0
-9.44093	0
-9.42993	0
-9.41993	0
-9.40893	0
-9.39793	0
-9.38693	0
-9.37593	0
-9.36593	0
-9.35493	0
-9.34393	0
-9.33293	0
-9.32193	0
-9.31193	0
-9.30093	0
-9.28993	0
-9.27893	0
-9.26793	0
-9.25793	0
-9.24693	0
-9.23593	0
-9.22493	0
-9.21493	0
-9.20393	0
-9.19293	0
-9.18193	0
-9.17093	0
-9.16093	0
-9.14993	0
-9.13893	0
-9.12793	0
-9.11693	0
-9.10693	0
-9.09593	0
-9.08493	0
-9.07393	0
-9.06293	0
-9.05293	0
-9.04193	0
-9.03093	0
-9.01993	0
-9.00993	0
-8.99893	0
-8.98793	0
-8.97693	-1E-5
-8.96593	-3E-5
-8.95593	-6E-5
-8.94493	-1.2E-4
-8.93393	-2.3E-4
-8.92293	-4E-4
-8.91193	-6.3E-4
-8.90193	-9.1E-4
-8.89093	-0.00119
-8.87993	-0.00142
-8.86893	-0.00155
-8.85793	-0.00154
-8.84793	-0.00139
-8.83693	-0.00115
-8.82593	-8.7E-4
-8.81493	-6.1E-4
-8.80493	-4.1E-4
-8.79393	-3.1E-4
-8.78293	-3E-4
-8.77193	-4E-4
-8.76093	-6E-4
-8.75093	-8.8E-4
-8.73993	-0.0012
-8.72893	-0.00151
-8.71793	-0.00173
-8.70693	-0.00181
-8.69693	-0.00173
-8.68593	-0.0015
-8.67493	-0.00119
-8.66393	-8.6E-4
-8.65293	-5.7E-4
-8.64293	-3.4E-4
-8.63193	-1.9E-4
-8.62093	-9E-5
-8.60993	-4E-5
-8.59993	-2E-5
-8.58893	-1E-5
-8.57793	0
-8.56693	0
-8.55593	0
-8.54593	0
-8.53493	0
-8.52393	0
-8.51293	0
-8.50193	-1E-5
-8.49193	-2E-5
-8.48093	-6E-5
-8.46993	-1.7E-4
-8.45893	-4.6E-4
-8.44793	-0.00114
-8.43793	-0.00261
-8.42693	-0.00547
-8.41593	-0.01048
-8.40493	-0.01837
-8.39493	-0.02948
-8.38393	-0.04325
-8.37293	-0.05797
-8.36193	-0.07101
-8.35093	-0.07946
-8.34093	-0.08115
-8.32993	-0.0757
-8.31893	-0.06449
-8.30793	-0.05035
-8.29693	-0.03662
-8.28693	-0.02661
-8.27593	-0.02403
-8.26493	-0.03453
-8.25393	-0.06795
-8.24393	-0.14018
-8.23293	-0.27261
-8.22193	-0.48682
-8.21093	-0.79383
-8.19993	-1.1806
-8.18993	-1.6006
-8.17893	-1.979
-8.16793	-2.2308
-8.15693	-2.2928
-8.14593	-2.1489
-8.13593	-1.8372
-8.12493	-1.4338
-8.11393	-1.0233
-8.10293	-0.6709
-8.09193	-0.40886
-8.08193	-0.23809
-8.07093	-0.14014
-8.05993	-0.09037
-8.04893	-0.067
-8.03893	-0.055
-8.02793	-0.04613
-8.01693	-0.03723
-8.00593	-0.02805
-7.99493	-0.01947
-7.98493	-0.01238
-7.97393	-0.00721
-7.96293	-0.0039
-7.95193	-0.00215
-7.94093	-0.00191
-7.93093	-0.0039
-7.91993	-0.01082
-7.90893	-0.02927
-7.89793	-0.07291
-7.88693	-0.16583
-7.87693	-0.3442
-7.86593	-0.65163
-7.85493	-1.1253
-7.84393	-1.7721
-7.83393	-2.5452
-7.82293	-3.3338
-7.81193	-3.982
-7.80093	-4.3372
-7.78993	-4.3079
-7.77993	-3.9016
-7.76893	-3.222
-7.75793	-2.4264
-7.74693	-1.6659
-7.73593	-1.0432
-7.72593	-0.59545
-7.71493	-0.30993
-7.70393	-0.14709
-7.69293	-0.06365
-7.68193	-0.02511
-7.67193	-0.00903
-7.66093	-0.00296
-7.64993	-8.9E-4
-7.63893	-2.4E-4
-7.62893	-6E-5
-7.61793	-1E-5
-7.60693	0
-7.59593	0
-7.58493	0
-7.57493	0
-7.56393	0
-7.55293	-1E-5
-7.54193	-2E-5
-7.53093	-3E-5
-7.52093	-6E-5
-7.50993	-1E-4
-7.49893	-1.5E-4
-7.48793	-2E-4
-7.47693	-2.6E-4
-7.46693	-3E-4
-7.45593	-3.1E-4
-7.44493	-3E-4
-7.43393	-2.8E-4
-7.42393	-2.5E-4
-7.41293	-2.5E-4
-7.40193	-2.9E-4
-7.39093	-3.8E-4
-7.37993	-5.4E-4
-7.36993	-7.4E-4
-7.35893	-9.4E-4
-7.34793	-0.00111
-7.33693	-0.0012
-7.32593	-0.00118
-7.31593	-0.00106
-7.30493	-8.7E-4
-7.29393	-6.5E-4
-7.28293	-4.4E-4
-7.27193	-2.8E-4
-7.26193	-1.7E-4
-7.25093	-1.5E-4
-7.23993	-2.8E-4
-7.22893	-8.1E-4
-7.21893	-0.00241
-7.20793	-0.00669
-7.19693	-0.01694
-7.18593	-0.03912
-7.17493	-0.08235
-7.16493	-0.15803
-7.15393	-0.27655
-7.14293	-0.44115
-7.13193	-0.64167
-7.12093	-0.85098
-7.11093	-1.02889
-7.09993	-1.13435
-7.08893	-1.13995
-7.07793	-1.0446
-7.06693	-0.87281
-7.05693	-0.665
-7.04593	-0.4621
-7.03493	-0.29325
-7.02393	-0.17061
-7.01393	-0.09233
-7.00293	-0.04874
-6.99193	-0.02845
-6.98093	-0.02181
-6.96993	-0.02197
-6.95993	-0.02447
-6.94893	-0.0266
-6.93793	-0.02691
-6.92693	-0.02498
-6.91593	-0.02119
-6.90593	-0.01641
-6.89493	-0.0116
-6.88393	-0.00748
-6.87293	-0.0044
-6.86193	-0.00236
-6.85193	-0.00116
-6.84093	-5.2E-4
-6.82993	-2.1E-4
-6.81893	-8E-5
-6.80893	-3E-5
-6.79793	-1E-5
-6.78693	0
-6.77593	0
-6.76493	0
-6.75493	0
-6.74393	0
-6.73293	0
-6.72193	0
-6.71093	0
-6.70093	-1E-5
-6.68993	-2E-5
-6.67893	-5E-5
-6.66793	-1E-4
-6.65693	-1.9E-4
-6.64693	-3.2E-4
-6.63593	-5E-4
-6.62493	-7.1E-4
-6.61393	-9.2E-4
-6.60393	-0.00108
-6.59293	-0.00116
-6.58193	-0.00113
-6.57093	-0.00101
-6.55993	-8.2E-4
-6.54993	-6.1E-4
-6.53893	-4.1E-4
-6.52793	-2.5E-4
-6.51693	-1.5E-4
-6.50593	-9E-5
-6.49593	-7E-5
-6.48493	-1.2E-4
-6.47393	-2.8E-4
-6.46293	-6.6E-4
-6.45193	-0.00145
-6.44193	-0.00296
-6.43093	-0.00575
-6.41993	-0.01086
-6.40893	-0.02056
-6.39893	-0.03967
-6.38793	-0.0777
-6.37693	-0.15094
-6.36593	-0.28283
-6.35493	-0.49976
-6.34493	-0.8203
-6.33393	-1.24047
-6.32293	-1.72076
-6.31193	-2.18373
-6.30093	-2.5322
-6.29093	-2.68154
-6.27993	-2.59301
-6.26893	-2.29034
-6.25793	-1.84972
-6.24693	-1.3702
-6.23693	-0.93824
-6.22593	-0.60514
-6.21493	-0.38323
-6.20393	-0.25524
-6.19393	-0.19141
-6.18293	-0.16232
-6.17193	-0.14696
-6.16093	-0.13477
-6.14993	-0.12411
-6.13993	-0.11847
-6.12893	-0.1226
-6.11793	-0.13912
-6.10693	-0.16683
-6.09593	-0.20054
-6.08593	-0.23242
-6.07493	-0.25445
-6.06393	-0.26125
-6.05293	-0.25254
-6.04193	-0.23443
-6.03193	-0.21908
-6.02093	-0.22256
-6.00993	-0.26145
-5.99893	-0.34805
-5.98893	-0.48537
-5.97793	-0.66289
-5.96693	-0.85524
-5.95593	-1.02823
-5.94493	-1.14715
-5.93493	-1.18856
-5.92393	-1.1474
-5.91293	-1.03793
-5.90193	-0.88657
-5.89093	-0.72443
-5.88093	-0.57871
-5.86993	-0.4679
-5.85893	-0.40131
-5.84793	-0.379
-5.83693	-0.39391
-5.82693	-0.43438
-5.81593	-0.48661
-5.80493	-0.53641
-5.79393	-0.57103
-5.78393	-0.58078
-5.77293	-0.56136
-5.76193	-0.51496
-5.75093	-0.44992
-5.73993	-0.37794
-5.72993	-0.3104
-5.71893	-0.25542
-5.70793	-0.21668
-5.69693	-0.19404
-5.68593	-0.18474
-5.67593	-0.18465
-5.66493	-0.18914
-5.65393	-0.19395
-5.64293	-0.19623
-5.63193	-0.19501
-5.62193	-0.19146
-5.61093	-0.18813
-5.59993	-0.18841
-5.58893	-0.19554
-5.57893	-0.21193
-5.56793	-0.23809
-5.55693	-0.27229
-5.54593	-0.31041
-5.53493	-0.34735
-5.52493	-0.37897
-5.51393	-0.40368
-5.50293	-0.42286
-5.49193	-0.439
-5.48093	-0.45334
-5.47093	-0.46421
-5.45993	-0.46753
-5.44893	-0.45889
-5.43793	-0.43625
-5.42693	-0.40101
-5.41693	-0.35747
-5.40593	-0.31137
-5.39493	-0.26908
-5.38393	-0.23729
-5.37393	-0.22334
-5.36293	-0.2343
-5.35193	-0.27484
-5.34093	-0.34376
-5.32993	-0.43156
-5.31993	-0.52056
-5.30893	-0.58949
-5.29793	-0.62106
-5.28693	-0.60816
-5.27593	-0.55614
-5.26593	-0.48105
-5.25493	-0.40128
-5.24393	-0.33172
-5.23293	-0.27907
-5.22193	-0.24285
-5.21193	-0.21835
-5.20093	-0.20072
-5.18993	-0.18715
-5.17893	-0.17698
-5.16893	-0.17038
-5.15793	-0.16662
-5.14693	-0.16359
-5.13593	-0.15852
-5.12493	-0.14944
-5.11493	-0.13637
-5.10393	-0.1214
-5.09293	-0.10769
-5.08193	-0.0979
-5.07093	-0.09296
-5.06093	-0.09174
-5.04993	-0.09178
-5.03893	-0.0906
-5.02793	-0.08692
-5.01693	-0.08131
-5.00693	-0.07605
-4.99593	-0.0744
-4.98493	-0.07965
-4.97393	-0.09429
-4.96393	-0.11953
-4.95293	-0.15493
-4.94193	-0.19858
-4.93093	-0.24721
-4.91993	-0.29707
-4.90993	-0.34589
-4.89893	-0.39559
-4.88793	-0.45468
-4.87693	-0.53892
-4.86593	-0.66801
-4.85593	-0.8582
-4.84493	-1.1126
-4.83393	-1.4143
-4.82293	-1.7247
-4.81293	-1.9921
-4.80193	-2.1674
-4.79093	-2.2207
-4.77993	-2.1534
-4.76893	-2.0004
-4.75893	-1.8161
-4.74793	-1.6548
-4.73693	-1.5497
-4.72593	-1.5039
-4.71493	-1.4933
-4.70493	-1.4832
-4.69393	-1.4424
-4.68293	-1.3554
-4.67193	-1.2225
-4.66093	-1.0559
-4.65093	-0.8722
-4.63993	-0.68862
-4.62893	-0.52053
-4.61793	-0.37917
-4.60793	-0.2711
-4.59693	-0.19794
-4.58593	-0.15713
-4.57493	-0.14319
-4.56393	-0.14899
-4.55393	-0.1669
-4.54293	-0.18937
-4.53193	-0.20951
-4.52093	-0.22182
-4.50993	-0.22285
-4.49993	-0.21175
-4.48893	-0.19046
-4.47793	-0.16272
-4.46693	-0.13294
-4.45593	-0.10489
-4.44593	-0.08093
-4.43493	-0.06192
-4.42393	-0.04771
-4.41293	-0.03783
-4.40293	-0.03207
-4.39193	-0.03085
-4.38093	-0.03514
-4.36993	-0.04599
-4.35893	-0.06372
-4.34893	-0.08713
-4.33793	-0.11321
-4.32693	-0.13745
-4.31593	-0.15516
-4.30493	-0.16308
-4.29493	-0.16062
-4.28393	-0.15009
-4.27293	-0.13581
-4.26193	-0.12257
-4.25093	-0.114
-4.24093	-0.11163
-4.22993	-0.11479
-4.21893	-0.12122
-4.20793	-0.12793
-4.19793	-0.13243
-4.18693	-0.13328
-4.17593	-0.13056
-4.16493	-0.12552
-4.15393	-0.12015
-4.14393	-0.11626
-4.13293	-0.11494
-4.12193	-0.11614
-4.11093	-0.11918
-4.09993	-0.12311
-4.08993	-0.12766
-4.07893	-0.13333
-4.06793	-0.14138
-4.05693	-0.15276
-4.04593	-0.16737
-4.03593	-0.18348
-4.02493	-0.19813
-4.01393	-0.20814
-4.00293	-0.2115
-3.99293	-0.20832
-3.98193	-0.20078
-3.97093	-0.19252
-3.95993	-0.187
-3.94893	-0.18663
-3.93893	-0.19193
-3.92793	-0.20146
-3.91693	-0.21229
-3.90593	-0.22091
-3.89493	-0.2243
-3.88493	-0.22095
-3.87393	-0.21169
-3.86293	-0.19948
-3.85193	-0.18842
-3.84093	-0.18225
-3.83093	-0.18281
-3.81993	-0.18945
-3.80893	-0.1993
-3.79793	-0.20867
-3.78793	-0.21436
-3.77693	-0.21444
-3.76593	-0.20859
-3.75493	-0.19765
-3.74393	-0.18321
-3.73393	-0.16763
-3.72293	-0.15401
-3.71193	-0.14629
-3.70093	-0.14902
-3.68993	-0.16669
-3.67993	-0.20269
-3.66893	-0.25793
-3.65793	-0.32922
-3.64693	-0.40865
-3.63593	-0.48463
-3.62593	-0.54555
-3.61493	-0.58463
-3.60393	-0.60334
-3.59293	-0.61118
-3.58293	-0.62084
-3.57193	-0.6414
-3.56093	-0.67361
-3.54993	-0.70965
-3.53893	-0.73791
-3.52893	-0.74913
-3.51793	-0.74076
-3.50693	-0.71665
-3.49593	-0.68314
-3.48493	-0.64507
-3.47493	-0.60384
-3.46393	-0.55904
-3.45293	-0.51125
-3.44193	-0.46501
-3.43093	-0.42908
-3.42093	-0.41478
-3.40993	-0.43349
-3.39893	-0.49454
-3.38793	-0.60379
-3.37793	-0.76192
-3.36693	-0.9632
-3.35593	-1.1925
-3.34493	-1.4264
-3.33393	-1.6356
-3.32393	-1.7907
-3.31293	-1.8699
-3.30193	-1.8666
-3.29093	-1.7924
-3.27993	-1.6738
-3.26993	-1.5458
-3.25893	-1.4408
-3.24793	-1.3809
-3.23693	-1.373
-3.22593	-1.4105
-3.21593	-1.4803
-3.20493	-1.566
-3.19393	-1.6546
-3.18293	-1.7367
-3.17293	-1.807
-3.16193	-1.8632
-3.15093	-1.9037
-3.13993	-1.9259
-3.12893	-1.9252
-3.11893	-1.8971
-3.10793	-1.8396
-3.09693	-1.7555
-3.08593	-1.6535
-3.07493	-1.5453
-3.06493	-1.4429
-3.05393	-1.3568
-3.04293	-1.2946
-3.03193	-1.2596
-3.02093	-1.249
-3.01093	-1.2556
-2.99993	-1.2708
-2.98893	-1.2887
-2.97793	-1.3094
-2.96793	-1.3374
-2.95693	-1.3761
-2.94593	-1.4222
-2.93493	-1.4635
-2.92393	-1.4827
-2.91393	-1.4658
-2.90293	-1.4108
-2.89193	-1.3319
-2.88093	-1.2561
-2.86993	-1.212
-2.85993	-1.2187
-2.84893	-1.2763
-2.83793	-1.3659
-2.82693	-1.4556
-2.81593	-1.512
-2.80593	-1.5112
-2.79493	-1.4454
-2.78393	-1.3233
-2.77293	-1.1644
-2.76293	-0.9919
-2.75193	-0.82626
-2.74093	-0.68254
-2.72993	-0.56905
-2.71893	-0.48839
-2.70893	-0.43866
-2.69793	-0.41473
-2.68693	-0.4097
-2.67593	-0.4158
-2.66493	-0.42529
-2.65493	-0.43114
-2.64393	-0.42816
-2.63293	-0.41394
-2.62193	-0.38937
-2.61093	-0.35798
-2.60093	-0.32434
-2.58993	-0.29238
-2.57893	-0.26434
-2.56793	-0.24075
-2.55793	-0.22092
-2.54693	-0.20359
-2.53593	-0.18746
-2.52493	-0.17169
-2.51393	-0.15635
-2.50393	-0.14273
-2.49293	-0.13335
-2.48193	-0.13131
-2.47093	-0.139
-2.45993	-0.15691
-2.44993	-0.18283
-2.43893	-0.21206
-2.42793	-0.23885
-2.41693	-0.258
-2.40593	-0.26653
-2.39593	-0.26398
-2.38493	-0.25179
-2.37393	-0.2321
-2.36293	-0.20674
-2.35293	-0.17725
-2.34193	-0.14526
-2.33093	-0.11286
-2.31993	-0.08249
-2.30893	-0.05643
-2.29893	-0.03606
-2.28793	-0.02164
-2.27693	-0.01247
-2.26593	-0.00728
-2.25493	-0.00472
-2.24493	-0.00365
-2.23393	-0.00325
-2.22293	-0.00304
-2.21193	-0.00277
-2.20093	-0.00239
-2.19093	-0.00191
-2.17993	-0.00142
-2.16893	-9.8E-4
-2.15793	-6.2E-4
-2.14793	-3.7E-4
-2.13693	-2E-4
-2.12593	-1E-4
-2.11493	-5E-5
-2.10393	-3E-5
-2.09393	-3E-5
-2.08293	-5E-5
-2.07193	-8E-5
-2.06093	-1.4E-4
-2.04993	-2.2E-4
-2.03993	-3.1E-4
-2.02893	-4.2E-4
-2.01793	-5.4E-4
-2.00693	-6.7E-4
-1.99593	-8.5E-4
-1.98593	-0.00112
-1.97493	-0.00154
-1.96393	-0.00215
-1.95293	-0.00297
-1.94293	-0.00392
-1.93193	-0.00488
-1.92093	-0.0057
-1.90993	-0.0062
-1.89893	-0.00629
-1.88893	-0.00594
-1.87793	-0.00525
-1.86693	-0.00436
-1.85593	-0.00347
-1.84493	-0.00272
-1.83493	-0.0022
-1.82393	-0.00191
-1.81293	-0.00178
-1.80193	-0.00171
-1.79093	-0.00161
-1.78093	-0.00144
-1.76993	-0.0012
-1.75893	-9.1E-4
-1.74793	-6.4E-4
-1.73793	-4.1E-4
-1.72693	-2.4E-4
-1.71593	-1.3E-4
-1.70493	-6E-5
-1.69393	-3E-5
-1.68393	-1E-5
-1.67293	0
-1.66193	0
-1.65093	0
-1.63993	0
-1.62993	0
-1.61893	0
-1.60793	0
-1.59693	0
-1.58593	0
-1.57593	0
-1.56493	0
-1.55393	-1E-5
-1.54293	-2E-5
-1.53293	-6E-5
-1.52193	-1.4E-4
-1.51093	-3E-4
-1.49993	-5.9E-4
-1.48893	-0.00107
-1.47893	-0.00177
-1.46793	-0.00266
-1.45693	-0.00366
-1.44593	-0.00461
-1.43493	-0.0053
-1.42493	-0.00559
-1.41393	-0.00542
-1.40293	-0.00482
-1.39193	-0.00396
-1.38193	-0.003
-1.37093	-0.00211
-1.35993	-0.00139
-1.34893	-8.6E-4
-1.33793	-5.1E-4
-1.32793	-3.3E-4
-1.31693	-2.7E-4
-1.30593	-3.1E-4
-1.29493	-4.4E-4
-1.28393	-6.2E-4
-1.27393	-8.4E-4
-1.26293	-0.00104
-1.25193	-0.00118
-1.24093	-0.00122
-1.22993	-0.00116
-1.21993	-0.001
-1.20893	-7.9E-4
-1.19793	-5.7E-4
-1.18693	-3.7E-4
-1.17693	-2.2E-4
-1.16593	-1.2E-4
-1.15493	-6E-5
-1.14393	-3E-5
-1.13293	-1E-5
-1.12293	0
-1.11193	0
-1.10093	0
-1.08993	0
-1.07893	0
-1.06893	0
-1.05793	0
-1.04693	-1E-5
-1.03593	-2E-5
-1.02493	-4E-5
-1.01493	-8E-5
-1.00393	-1.4E-4
-0.99293	-2.3E-4
-0.98193	-3.5E-4
-0.97193	-4.8E-4
-0.96093	-6.1E-4
-0.94993	-7.1E-4
-0.93893	-7.5E-4
-0.92793	-7.2E-4
-0.91793	-6.3E-4
-0.90693	-5E-4
-0.89593	-3.6E-4
-0.88493	-2.4E-4
-0.87393	-1.5E-4
-0.86393	-8E-5
-0.85293	-5E-5
-0.84193	-5E-5
-0.83093	-1.4E-4
-0.81993	-4.3E-4
-0.80993	-0.0013
-0.79893	-0.0036
-0.78793	-0.00909
-0.77693	-0.02091
-0.76693	-0.04385
-0.75593	-0.08384
-0.74493	-0.14617
-0.73393	-0.23239
-0.72293	-0.33688
-0.71293	-0.44527
-0.70193	-0.53664
-0.69093	-0.58966
-0.67993	-0.59087
-0.66893	-0.5397
-0.65893	-0.44972
-0.64793	-0.34153
-0.63693	-0.23653
-0.62593	-0.14937
-0.61493	-0.08599
-0.60493	-0.04514
-0.59393	-0.02161
-0.58293	-0.00943
-0.57193	-0.00375
-0.56193	-0.00136
-0.55093	-4.5E-4
-0.53993	-1.4E-4
-0.52893	-4E-5
-0.51793	-1E-5
-0.50793	-1E-5
-0.49693	-1E-5
-0.48593	-2E-5
-0.47493	-2E-5
-0.46393	-3E-5
-0.45393	-3E-5
-0.44293	-4E-5
-0.43193	-4E-5
-0.42093	-3E-5
-0.40993	-3E-5
-0.39993	-2E-5
-0.38893	-1E-5
-0.37793	-1E-5
-0.36693	-1E-5
-0.35693	0
-0.34593	0
-0.33493	0
-0.32393	0
-0.31293	0
-0.30293	0
-0.29193	0
-0.28093	-1E-5
-0.26993	-2E-5
-0.25893	-4E-5
-0.24893	-8E-5
-0.23793	-1.3E-4
-0.22693	-2.1E-4
-0.21593	-3E-4
-0.20493	-3.9E-4
-0.19493	-4.7E-4
-0.18393	-5.2E-4
-0.17293	-5.4E-4
-0.16193	-5.2E-4
-0.15193	-4.8E-4
-0.14093	-4.3E-4
-0.12993	-3.8E-4
-0.11893	-3.3E-4
-0.10793	-2.9E-4
-0.09793	-2.7E-4
-0.08693	-2.7E-4
-0.07593	-3.1E-4
-0.06493	-4.1E-4
-0.05393	-5.9E-4
-0.04393	-8.5E-4
-0.03293	-0.00115
-0.02193	-0.00143
-0.01093	-0.00164
7E-5	-0.00171
0.01007	-0.00164
0.02107	-0.00143
0.03207	-0.00113
0.04307	-8.2E-4
0.05307	-5.4E-4
0.06407	-3.3E-4
0.07507	-1.8E-4
0.08607	-9E-5
0.09707	-4E-5
0.10707	-2E-5
0.11807	-1E-5
0.12907	0
0.14007	0
0.15107	0
0.16107	0
0.17207	-1E-5
0.18307	-3E-5
0.19407	-8E-5
0.20507	-2.3E-4
0.21507	-6.5E-4
0.22607	-0.00174
0.23707	-0.00457
0.24807	-0.01165
0.25807	-0.02839
0.26907	-0.06541
0.28007	-0.14101
0.29107	-0.28231
0.30207	-0.52187
0.31207	-0.88753
0.32307	-1.3846
0.33407	-1.9787
0.34507	-2.5869
0.35607	-3.0913
0.36607	-3.3748
0.37707	-3.365
0.38807	-3.064
0.39907	-2.548
0.41007	-1.9355
0.42007	-1.344
0.43107	-0.85317
0.44207	-0.49617
0.45307	-0.26477
0.46307	-0.13012
0.47407	-0.05926
0.48507	-0.02536
0.49607	-0.01049
0.50707	-0.00447
0.51707	-0.00218
0.52807	-0.00131
0.53907	-9.4E-4
0.55007	-7.1E-4
0.56107	-5.3E-4
0.57107	-3.7E-4
0.58207	-2.4E-4
0.59307	-1.4E-4
0.60407	-8E-5
0.61507	-4E-5
0.62507	-2E-5
0.63607	-1E-5
0.64707	0
0.65807	0
0.66807	0
0.67907	0
0.69007	0
0.70107	0
0.71207	-1E-5
0.72207	-1E-5
0.73307	-1E-5
0.74407	-2E-5
0.75507	-3E-5
0.76607	-7E-5
0.77607	-1.5E-4
0.78707	-3E-4
0.79807	-5.6E-4
0.80907	-9.9E-4
0.82007	-0.00158
0.83007	-0.00231
0.84107	-0.00311
0.85207	-0.00382
0.86307	-0.0043
0.87307	-0.00443
0.88407	-0.00418
0.89507	-0.0036
0.90607	-0.00285
0.91707	-0.00206
0.92707	-0.00137
0.93807	-8.3E-4
0.94907	-4.6E-4
0.96007	-2.3E-4
0.97107	-1.1E-4
0.98107	-5E-5
0.99207	-2E-5
1.00307	-1E-5
1.01407	0
1.02507	-1E-5
1.03507	-1E-5
1.04607	-2E-5
1.05707	-4E-5
1.06807	-8E-5
1.07807	-1.7E-4
1.08907	-4.2E-4
1.10007	-0.00114
1.11107	-0.00318
1.12207	-0.00859
1.13207	-0.02165
1.14307	-0.05015
1.15407	-0.10637
1.16507	-0.20595
1.17607	-0.3639
1.18607	-0.58673
1.19707	-0.86356
1.20807	-1.16154
1.21907	-1.43043
1.23007	-1.61996
1.24007	-1.70057
1.25107	-1.67766
1.26207	-1.59142
1.27307	-1.4953
1.28307	-1.4306
1.29407	-1.4052
1.30507	-1.39439
1.31607	-1.35666
1.32707	-1.25916
1.33707	-1.09425
1.34807	-0.88287
1.35907	-0.66238
1.37007	-0.4709
1.38107	-0.33349
1.39107	-0.2575
1.40207	-0.23459
1.41307	-0.2465
1.42407	-0.27154
1.43507	-0.29052
1.44507	-0.29102
1.45607	-0.26983
1.46707	-0.23204
1.47807	-0.18782
1.48807	-0.14785
1.49907	-0.11984
1.51007	-0.10763
1.52107	-0.11295
1.53207	-0.13856
1.54207	-0.19059
1.55307	-0.27796
1.56407	-0.40784
1.57507	-0.57842
1.58607	-0.77222
1.59607	-0.95609
1.60707	-1.08866
1.61807	-1.13536
1.62907	-1.08224
1.64007	-0.94219
1.65007	-0.74866
1.66107	-0.54331
1.67207	-0.36033
1.68307	-0.21867
1.69307	-0.1217
1.70407	-0.06235
1.71507	-0.02958
1.72607	-0.01313
1.73707	-0.00555
1.74707	-0.00232
1.75807	-0.00104
1.76907	-5.6E-4
1.78007	-3.7E-4
1.79107	-2.9E-4
1.80107	-2.3E-4
1.81207	-1.8E-4
1.82307	-1.3E-4
1.83407	-8E-5
1.84507	-5E-5
1.85507	-3E-5
1.86607	-1E-5
1.87707	-1E-5
1.88807	0
1.89807	0
1.90907	0
1.92007	0
1.93107	0
1.94207	0
1.95207	-1E-5
1.96307	-3E-5
1.97407	-6E-5
1.98507	-1.3E-4
1.99607	-2.6E-4
2.00607	-4.8E-4
2.01707	-8.5E-4
2.02807	-0.00142
2.03907	-0.00223
2.04907	-0.00328
2.06007	-0.00453
2.07107	-0.00592
2.08207	-0.00731
2.09307	-0.00862
2.10307	-0.00975
2.11407	-0.01064
2.12507	-0.01125
2.13607	-0.01148
2.14707	-0.01125
2.15707	-0.0105
2.16807	-0.00926
2.17907	-0.00765
2.19007	-0.00589
2.20107	-0.00422
2.21107	-0.00283
2.22207	-0.00183
2.23307	-0.00122
2.24407	-9.5E-4
2.25407	-9.2E-4
2.26507	-0.00102
2.27607	-0.00116
2.28707	-0.00125
2.29807	-0.00125
2.30807	-0.00115
2.31907	-9.8E-4
2.33007	-7.8E-4
2.34107	-6.1E-4
2.35207	-5.1E-4
2.36207	-5E-4
2.37307	-5.8E-4
2.38407	-7.1E-4
2.39507	-8.7E-4
2.40607	-0.00101
2.41607	-0.00107
2.42707	-0.00107
2.43807	-0.00101
2.44907	-9.8E-4
2.45907	-0.00108
2.47007	-0.00149
2.48107	-0.00241
2.49207	-0.004
2.50307	-0.00637
2.51307	-0.0094
2.52407	-0.01276
2.53507	-0.01583
2.54607	-0.01796
2.55707	-0.01862
2.56707	-0.01764
2.57807	-0.01527
2.58907	-0.0121
2.60007	-0.00883
2.61107	-0.00605
2.62107	-0.00423
2.63207	-0.00373
2.64307	-0.00506
2.65407	-0.00907
2.66407	-0.01708
2.67507	-0.03071
2.68607	-0.05138
2.69707	-0.07949
2.70807	-0.11371
2.71807	-0.15068
2.72907	-0.18569
2.74007	-0.21399
2.75107	-0.23214
2.76207	-0.23872
2.77207	-0.23396
2.78307	-0.21908
2.79407	-0.19573
2.80507	-0.16597
2.81607	-0.13264
2.82607	-0.09915
2.83707	-0.06885
2.84807	-0.04417
2.85907	-0.02607
2.86907	-0.01412
2.88007	-0.007
2.89107	-0.00317
2.90207	-0.00132
2.91307	-5E-4
2.92307	-1.8E-4
2.93407	-8E-5
2.94507	-6E-5
2.95607	-7E-5
2.96707	-1E-4
2.97707	-1.4E-4
2.98807	-2.1E-4
2.99907	-3.4E-4
3.01007	-5.9E-4
3.02107	-0.00106
3.03107	-0.00189
3.04207	-0.00318
3.05307	-0.00497
3.06407	-0.00716
3.07407	-0.0095
3.08507	-0.0117
3.09607	-0.01363
3.10707	-0.01557
3.11807	-0.01841
3.12807	-0.02356
3.13907	-0.03261
3.15007	-0.04661
3.16107	-0.06536
3.17207	-0.08725
3.18207	-0.10988
3.19307	-0.13205
3.20407	-0.15628
3.21507	-0.19054
3.22607	-0.24782
3.23607	-0.34221
3.24707	-0.48189
3.25807	-0.66166
3.26907	-0.859
3.27907	-1.03883
3.29007	-1.16355
3.30107	-1.21079
3.31207	-1.18338
3.32307	-1.1094
3.33307	-1.0296
3.34407	-0.9776
3.35507	-0.9646
3.36607	-0.9756
3.37707	-0.97976
3.38707	-0.94577
3.39807	-0.8592
3.40907	-0.72654
3.42007	-0.56995
3.43107	-0.41604
3.44107	-0.28488
3.45207	-0.18533
3.46307	-0.1164
3.47407	-0.07173
3.48407	-0.04389
3.49507	-0.02701
3.50607	-0.01728
3.51707	-0.0125
3.52807	-0.01141
3.53807	-0.01322
3.54907	-0.01745
3.56007	-0.02377
3.57107	-0.03193
3.58207	-0.04172
3.59207	-0.05295
3.60307	-0.06557
3.61407	-0.07994
3.62507	-0.09682
3.63607	-0.11721
3.64607	-0.14149
3.65707	-0.1685
3.66807	-0.19484
3.67907	-0.21534
3.68907	-0.22447
3.70007	-0.21862
3.71107	-0.19775
3.72207	-0.16581
3.73307	-0.12941
3.74307	-0.09552
3.75407	-0.06931
3.76507	-0.05296
3.77607	-0.0457
3.78707	-0.04466
3.79707	-0.0462
3.80807	-0.04712
3.81907	-0.04556
3.83007	-0.04133
3.84107	-0.03575
3.85107	-0.03103
3.86207	-0.02949
3.87307	-0.03287
3.88407	-0.04174
3.89407	-0.0551
3.90507	-0.07049
3.91607	-0.08433
3.92707	-0.09328
3.93807	-0.09533
3.94807	-0.09087
3.95907	-0.08287
3.97007	-0.07571
3.98107	-0.07378
3.99207	-0.0795
4.00207	-0.09246
4.01307	-0.10928
4.02407	-0.12473
4.03507	-0.13373
4.04607	-0.13321
4.05607	-0.12335
4.06707	-0.10734
4.07807	-0.08985
4.08907	-0.07534
4.09907	-0.06627
4.11007	-0.06285
4.12107	-0.06323
4.13207	-0.06479
4.14307	-0.06536
4.15307	-0.06397
4.16407	-0.06116
4.17507	-0.05818
4.18607	-0.05622
4.19707	-0.05555
4.20707	-0.05535
4.21807	-0.05421
4.22907	-0.05093
4.24007	-0.04524
4.25107	-0.03799
4.26107	-0.03073
4.27207	-0.0251
4.28307	-0.02216
4.29407	-0.02205
4.30407	-0.02405
4.31507	-0.02685
4.32607	-0.02907
4.33707	-0.02983
4.34807	-0.02912
4.35807	-0.02807
4.36907	-0.0287
4.38007	-0.03355
4.39107	-0.04497
4.40207	-0.06437
4.41207	-0.09158
4.42307	-0.12465
4.43407	-0.16027
4.44507	-0.19469
4.45607	-0.22485
4.46607	-0.24874
4.47707	-0.26514
4.48807	-0.27319
4.49907	-0.27207
4.50907	-0.26175
4.52007	-0.2437
4.53107	-0.22131
4.54207	-0.19894
4.55307	-0.18016
4.56307	-0.16661
4.57407	-0.15776
4.58507	-0.15205
4.59607	-0.14816
4.60707	-0.14583
4.61707	-0.14523
4.62807	-0.14661
4.63907	-0.14994
4.65007	-0.15572
4.66107	-0.16617
4.67107	-0.18557
4.68207	-0.21924
4.69307	-0.2709
4.70407	-0.33927
4.71407	-0.41594
4.72507	-0.48638
4.73607	-0.53445
4.74707	-0.54964
4.75807	-0.53325
4.76807	-0.50111
4.77907	-0.4804
4.79007	-0.50212
4.80107	-0.59124
4.81207	-0.75811
4.82207	-0.9941
4.83307	-1.2727
4.84407	-1.5553
4.85507	-1.8
4.86607	-1.9708
4.87607	-2.0426
4.88707	-2.0069
4.89807	-1.8727
4.90907	-1.6674
4.91907	-1.4285
4.93007	-1.1963
4.94107	-1.0007
4.95207	-0.85752
4.96307	-0.76636
4.97307	-0.71536
4.98407	-0.68693
4.99507	-0.66266
5.00607	-0.62782
5.01707	-0.57483
5.02707	-0.50512
5.03807	-0.42819
5.04907	-0.35785
5.06007	-0.30731
5.07107	-0.28554
5.08107	-0.29532
5.09207	-0.33336
5.10307	-0.3911
5.11407	-0.45668
5.12407	-0.51782
5.13507	-0.5653
5.14607	-0.5952
5.15707	-0.60875
5.16807	-0.60913
5.17807	-0.59868
5.18907	-0.57718
5.20007	-0.54369
5.21107	-0.49928
5.22207	-0.44876
5.23207	-0.39922
5.24307	-0.35702
5.25407	-0.32515
5.26507	-0.30304
5.27507	-0.28898
5.28607	-0.28286
5.29707	-0.28799
5.30807	-0.31102
5.31907	-0.36002
5.32907	-0.44163
5.34007	-0.5573
5.35107	-0.69911
5.36207	-0.8474
5.37307	-0.9725
5.38307	-1.0429
5.39407	-1.0362
5.40507	-0.9494
5.41607	-0.80018
5.42707	-0.62107
5.43707	-0.4462
5.44807	-0.30083
5.45907	-0.19602
5.47007	-0.13056
5.48007	-0.09626
5.49107	-0.08381
5.50207	-0.08578
5.51307	-0.09719
5.52407	-0.11438
5.53407	-0.13394
5.54507	-0.15237
5.55607	-0.16676
5.56707	-0.17538
5.57807	-0.17785
5.58807	-0.17448
5.59907	-0.16578
5.61007	-0.15238
5.62107	-0.13538
5.63207	-0.11705
5.64207	-0.10038
5.65307	-0.08826
5.66407	-0.08218
5.67507	-0.08179
5.68507	-0.08514
5.69607	-0.08989
5.70707	-0.09451
5.71807	-0.09892
5.72907	-0.10403
5.73907	-0.11107
5.75007	-0.12052
5.76107	-0.13196
5.77207	-0.14438
5.78307	-0.15652
5.79307	-0.16729
5.80407	-0.17593
5.81507	-0.1819
5.82607	-0.18512
5.83707	-0.18617
5.84707	-0.18651
5.85807	-0.18814
5.86907	-0.19327
5.88007	-0.20335
5.89007	-0.21828
5.90107	-0.23602
5.91207	-0.25306
5.92307	-0.26575
5.93407	-0.27234
5.94407	-0.27396
5.95507	-0.2743
5.96607	-0.27775
5.97707	-0.28665
5.98807	-0.2998
5.99807	-0.31243
6.00907	-0.31828
6.02007	-0.31269
6.03107	-0.29481
6.04207	-0.26839
6.05207	-0.24039
6.06307	-0.21816
6.07407	-0.2069
6.08507	-0.2077
6.09507	-0.21763
6.10607	-0.23116
6.11707	-0.24266
6.12807	-0.2486
6.13907	-0.24864
6.14907	-0.24541
6.16007	-0.24283
6.17107	-0.24412
6.18207	-0.2504
6.19307	-0.2601
6.20307	-0.26955
6.21407	-0.27432
6.22507	-0.27067
6.23607	-0.257
6.24707	-0.23483
6.25707	-0.20871
6.26807	-0.18564
6.27907	-0.17336
6.29007	-0.17841
6.30007	-0.20436
6.31107	-0.24975
6.32207	-0.30757
6.33307	-0.36565
6.34407	-0.40958
6.35407	-0.42696
6.36507	-0.41184
6.37607	-0.36682
6.38707	-0.30203
6.39807	-0.23121
6.40807	-0.1674
6.41907	-0.11989
6.43007	-0.09332
6.44107	-0.08836
6.45207	-0.10259
6.46207	-0.13121
6.47307	-0.16731
6.48407	-0.20284
6.49507	-0.23024
6.50507	-0.24446
6.51607	-0.24424
6.52707	-0.232
6.53807	-0.2124
6.54907	-0.19049
6.55907	-0.1705
6.57007	-0.15531
6.58107	-0.14648
6.59207	-0.14417
6.60307	-0.14701
6.61307	-0.1525
6.62407	-0.15759
6.63507	-0.15992
6.64607	-0.15874
6.65707	-0.15499
6.66707	-0.15081
6.67807	-0.14809
6.68907	-0.1478
6.70007	-0.14951
6.71007	-0.15201
6.72107	-0.15428
6.73207	-0.15606
6.74307	-0.1584
6.75407	-0.16347
6.76407	-0.17412
6.77507	-0.193
6.78607	-0.22149
6.79707	-0.25813
6.80807	-0.29803
6.81807	-0.33359
6.82907	-0.35664
6.84007	-0.36167
6.85107	-0.34801
6.86207	-0.31995
6.87207	-0.28471
6.88307	-0.24956
6.89407	-0.21951
6.90507	-0.19654
6.91507	-0.18031
6.92607	-0.16934
6.93707	-0.16212
6.94807	-0.15747
6.95907	-0.15466
6.96907	-0.15312
6.98007	-0.15252
6.99107	-0.15284
7.00207	-0.1543
7.01307	-0.15714
7.02307	-0.16124
7.03407	-0.16603
7.04507	-0.17063
7.05607	-0.17406
7.06707	-0.17561
7.07707	-0.17463
7.08807	-0.1703
7.09907	-0.16196
7.11007	-0.1495
7.12007	-0.13402
7.13107	-0.11763
7.14207	-0.10292
7.15307	-0.09175
7.16407	-0.08447
7.17407	-0.0801
7.18507	-0.07678
7.19607	-0.07297
7.20707	-0.06813
7.21807	-0.06274
7.22807	-0.05795
7.23907	-0.0548
7.25007	-0.0537
7.26107	-0.05429
7.27207	-0.05562
7.28207	-0.05663
7.29307	-0.05655
7.30407	-0.05521
7.31507	-0.05304
7.32507	-0.05091
7.33607	-0.04983
7.34707	-0.0505
7.35807	-0.05302
7.36907	-0.05671
7.37907	-0.06022
7.39007	-0.06203
7.40107	-0.06101
7.41207	-0.05698
7.42307	-0.05082
7.43307	-0.04424
7.44407	-0.03925
7.45507	-0.03758
7.46607	-0.04042
7.47707	-0.04831
7.48707	-0.06137
7.49807	-0.0794
7.50907	-0.10183
7.52007	-0.12753
7.53007	-0.1543
7.54107	-0.17901
7.55207	-0.19813
7.56307	-0.20877
7.57407	-0.20955
7.58407	-0.20117
7.59507	-0.1861
7.60607	-0.16774
7.61707	-0.14953
7.62807	-0.13424
7.63807	-0.12333
7.64907	-0.1168
7.66007	-0.11344
7.67107	-0.11091
7.68207	-0.10673
7.69207	-0.09909
7.70307	-0.08734
7.71407	-0.07229
7.72507	-0.05577
7.73507	-0.03992
7.74607	-0.02642
7.75707	-0.01613
7.76807	-0.00907
7.77907	-0.00469
7.78907	-0.00223
7.80007	-9.7E-4
7.81107	-3.9E-4
7.82207	-1.4E-4
7.83307	-5E-5
7.84307	-1E-5
7.85407	0
7.86507	0
7.87607	0
7.88707	0
7.89707	0
7.90807	0
7.91907	0
7.93007	0
7.94007	0
7.95107	0
7.96207	0
7.97307	0
7.98407	0
7.99407	0
8.00507	0
8.01607	0
8.02707	0
8.03807	0
8.04807	0
8.05907	0
8.07007	0
8.08107	0
8.09207	0
8.10207	0
8.11307	0
8.12407	0
8.13507	0
8.14507	0
8.15607	0
8.16707	0
8.17807	0
8.18907	0
8.19907	0
8.21007	0
8.22107	0
8.23207	0
8.24307	0
8.25307	0
8.26407	0
8.27507	0
8.28607	0
8.29707	0
8.30707	0
8.31807	0
8.32907	0
8.34007	0
8.35007	0
8.36107	0
8.37207	0
8.38307	0
8.39407	0
8.40407	0
8.41507	0
8.42607	0
8.43707	0
8.44807	0
8.45807	0
8.46907	0
8.48007	0
8.49107	0
8.50207	0
8.51207	0
8.52307	0
8.53407	0
8.54507	0
8.55507	0
8.56607	0
8.57707	0
8.58807	0
8.59907	0
8.60907	0
8.62007	0
8.63107	0
8.64207	0
8.65307	0
8.66307	0
8.67407	0
8.68507	0
8.69607	0
8.70607	0
8.71707	0
8.72807	0
8.73907	0
8.75007	0
8.76007	0
8.77107	0
8.78207	0
8.79307	0
8.80407	0
8.81407	0
8.82507	0
8.83607	0
8.84707	0
8.85807	0
8.86807	0
8.87907	0
8.89007	0
8.90107	0
8.91107	0
8.92207	0
8.93307	0
8.94407	0
8.95507	0
8.96507	0
8.97607	0
8.98707	0
8.99807	0
9.00907	0
9.01907	0
9.03007	0
9.04107	0
9.05207	0
9.06307	0
9.07307	0
9.08407	0
9.09507	0
9.10607	0
9.11607	0
9.12707	0
9.13807	0
9.14907	0
9.16007	0
9.17007	0
9.18107	0