#Energy	pz
-23.18693	0
-23.17593	0
-23.16493	0
-23.15393	0
-23.14393	0
-23.13293	0
-23.12193	0
-23.11093	0
-23.09993	0
-23.08993	0
-23.07893	0
-23.06793	0
-23.05693	0
-23.04593	0
-23.03593	0
-23.02493	0
-23.01393	0
-23.00293	0
-22.99193	0
-22.98193	0
-22.97093	0
-22.95993	0
-22.94893	0
-22.93893	0
-22.92793	0
-22.91693	0
-22.90593	0
-22.89493	0
-22.88493	0
-22.87393	0
-22.86293	0
-22.85193	0
-22.84093	0
-22.83093	0
-22.81993	0
-22.80893	0
-22.79793	0
-22.78693	0
-22.77693	0
-22.76593	0
-22.75493	0
-22.74393	0
-22.73393	0
-22.72293	0
-22.71193	0
-22.70093	0
-22.68993	0
-22.67993	0
-22.66893	0
-22.65793	0
-22.64693	0
-22.63593	0
-22.62593	0
-22.61493	0
-22.60393	0
-22.59293	0
-22.58193	0
-22.57193	0
-22.56093	0
-22.54993	0
-22.53893	0
-22.52893	0
-22.51793	0
-22.50693	0
-22.49593	0
-22.48493	0
-22.47493	0
-22.46393	0
-22.45293	0
-22.44193	0
-22.43093	0
-22.42093	0
-22.40993	0
-22.39893	0
-22.38793	0
-22.37693	0
-22.36693	0
-22.35593	0
-22.34493	0
-22.33393	0
-22.32393	0
-22.31293	0
-22.30193	0
-22.29093	0
-22.27993	0
-22.26993	0
-22.25893	0
-22.24793	0
-22.23693	0
-22.22593	0
-22.21593	0
-22.20493	0
-22.19393	0
-22.18293	0
-22.17193	0
-22.16193	0
-22.15093	0
-22.13993	0
-22.12893	0
-22.11893	0
-22.10793	0
-22.09693	0
-22.08593	0
-22.07493	0
-22.06493	0
-22.05393	0
-22.04293	0
-22.03193	0
-22.02093	0
-22.01093	0
-21.99993	0
-21.98893	0
-21.97793	0
-21.96693	0
-21.95693	0
-21.94593	0
-21.93493	0
-21.92393	0
-21.91393	0
-21.90293	0
-21.89193	0
-21.88093	0
-21.86993	0
-21.85993	0
-21.84893	0
-21.83793	0
-21.82693	0
-21.81593	0
-21.80593	0
-21.79493	0
-21.78393	1E-5
-21.77293	2E-5
-21.76293	5E-5
-21.75193	9E-5
-21.74093	1.7E-4
-21.72993	2.8E-4
-21.71893	4.3E-4
-21.70893	5.9E-4
-21.69793	7.4E-4
-21.68693	8.5E-4
-21.67593	8.9E-4
-21.66493	8.5E-4
-21.65493	7.4E-4
-21.64393	5.8E-4
-21.63293	4.2E-4
-21.62193	2.8E-4
-21.61093	1.7E-4
-21.60093	9E-5
-21.58993	5E-5
-21.57893	2E-5
-21.56793	1E-5
-21.55793	0
-21.54693	0
-21.53593	0
-21.52493	0
-21.51393	0
-21.50393	0
-21.49293	0
-21.48193	0
-21.47093	0
-21.45993	0
-21.44993	0
-21.43893	0
-21.42793	0
-21.41693	0
-21.40593	1E-5
-21.39593	2E-5
-21.38493	6E-5
-21.37393	1.2E-4
-21.36293	2.4E-4
-21.35293	4.2E-4
-21.34193	6.8E-4
-21.33093	0.00101
-21.31993	0.00135
-21.30893	0.00166
-21.29893	0.00185
-21.28793	0.00189
-21.27693	0.00176
-21.26593	0.00149
-21.25493	0.00115
-21.24493	8.1E-4
-21.23393	5.2E-4
-21.22293	3.1E-4
-21.21193	1.6E-4
-21.20093	8E-5
-21.19093	4E-5
-21.17993	1E-5
-21.16893	1E-5
-21.15793	0
-21.14793	0
-21.13693	0
-21.12593	0
-21.11493	0
-21.10393	0
-21.09393	0
-21.08293	0
-21.07193	0
-21.06093	0
-21.04993	0
-21.03993	0
-21.02893	0
-21.01793	0
-21.00693	0
-20.99593	0
-20.98593	0
-20.97493	0
-20.96393	0
-20.95293	0
-20.94293	0
-20.93193	0
-20.92093	0
-20.90993	0
-20.89893	0
-20.88893	0
-20.87793	0
-20.86693	0
-20.85593	0
-20.84493	0
-20.83493	0
-20.82393	0
-20.81293	0
-20.80193	0
-20.79093	0
-20.78093	0
-20.76993	0
-20.75893	0
-20.74793	0
-20.73793	0
-20.72693	0
-20.71593	0
-20.70493	0
-20.69393	0
-20.68393	0
-20.67293	0
-20.66193	0
-20.65093	0
-20.63993	0
-20.62993	0
-20.61893	0
-20.60793	1E-5
-20.59693	3E-5
-20.58593	6E-5
-20.57593	1.2E-4
-20.56493	2.2E-4
-20.55393	3.8E-4
-20.54293	5.8E-4
-20.53293	8.2E-4
-20.52193	0.00106
-20.51093	0.00124
-20.49993	0.00133
-20.48893	0.0013
-20.47893	0.00115
-20.46793	9.3E-4
-20.45693	6.9E-4
-20.44593	4.6E-4
-20.43493	2.9E-4
-20.42493	1.6E-4
-20.41393	8E-5
-20.40293	4E-5
-20.39193	2E-5
-20.38093	1E-5
-20.37093	0
-20.35993	0
-20.34893	0
-20.33793	0
-20.32793	0
-20.31693	0
-20.30593	0
-20.29493	0
-20.28393	0
-20.27393	0
-20.26293	0
-20.25193	0
-20.24093	0
-20.22993	0
-20.21993	1E-5
-20.20893	2E-5
-20.19793	3E-5
-20.18693	4E-5
-20.17593	6E-5
-20.16593	8E-5
-20.15493	9E-5
-20.14393	9E-5
-20.13293	9E-5
-20.12293	8E-5
-20.11193	6E-5
-20.10093	4E-5
-20.08993	3E-5
-20.07893	2E-5
-20.06893	1E-5
-20.05793	0
-20.04693	0
-20.03593	0
-20.02493	0
-20.01493	0
-20.00393	0
-19.99293	0
-19.98193	0
-19.97093	0
-19.96093	0
-19.94993	0
-19.93893	0
-19.92793	0
-19.91793	0
-19.90693	0
-19.89593	0
-19.88493	0
-19.87393	0
-19.86393	0
-19.85293	0
-19.84193	0
-19.83093	0
-19.81993	0
-19.80993	0
-19.79893	0
-19.78793	0
-19.77693	0
-19.76593	0
-19.75593	0
-19.74493	0
-19.73393	0
-19.72293	0
-19.71293	0
-19.70193	0
-19.69093	0
-19.67993	0
-19.66893	0
-19.65893	0
-19.64793	0
-19.63693	0
-19.62593	0
-19.61493	0
-19.60493	0
-19.59393	0
-19.58293	0
-19.57193	0
-19.56093	0
-19.55093	0
-19.53993	0
-19.52893	0
-19.51793	0
-19.50793	0
-19.49693	0
-19.48593	0
-19.47493	0
-19.46393	0
-19.45393	0
-19.44293	0
-19.43193	0
-19.42093	0
-19.40993	0
-19.39993	0
-19.38893	0
-19.37793	0
-19.36693	0
-19.35593	0
-19.34593	0
-19.33493	0
-19.32393	0
-19.31293	0
-19.30293	0
-19.29193	0
-19.28093	0
-19.26993	0
-19.25893	0
-19.24893	0
-19.23793	0
-19.22693	0
-19.21593	0
-19.20493	0
-19.19493	0
-19.18393	0
-19.17293	0
-19.16193	0
-19.15093	0
-19.14093	1E-5
-19.12993	2E-5
-19.11893	4E-5
-19.10793	7E-5
-19.09793	1.4E-4
-19.08693	2.5E-4
-19.07593	4E-4
-19.06493	5.9E-4
-19.05393	7.8E-4
-19.04393	9.5E-4
-19.03293	0.00105
-19.02193	0.00106
-19.01093	9.8E-4
-18.99993	8.2E-4
-18.98993	6.3E-4
-18.97893	4.4E-4
-18.96793	2.8E-4
-18.95693	1.6E-4
-18.94593	9E-5
-18.93593	4E-5
-18.92493	2E-5
-18.91393	1E-5
-18.90293	1E-5
-18.89293	1E-5
-18.88193	1E-5
-18.87093	1E-5
-18.85993	1E-5
-18.84893	1E-5
-18.83893	1E-5
-18.82793	1E-5
-18.81693	1E-5
-18.80593	1E-5
-18.79493	1E-5
-18.78493	2E-5
-18.77393	3E-5
-18.76293	4E-5
-18.75193	4E-5
-18.74093	4E-5
-18.73093	4E-5
-18.71993	4E-5
-18.70893	3E-5
-18.69793	3E-5
-18.68793	3E-5
-18.67693	3E-5
-18.66593	4E-5
-18.65493	5E-5
-18.64393	5E-5
-18.63393	6E-5
-18.62293	6E-5
-18.61193	5E-5
-18.60093	4E-5
-18.58993	3E-5
-18.57993	2E-5
-18.56893	1E-5
-18.55793	1E-5
-18.54693	0
-18.53693	0
-18.52593	0
-18.51493	0
-18.50393	0
-18.49293	0
-18.48293	1E-5
-18.47193	1E-5
-18.46093	1E-5
-18.44993	2E-5
-18.43893	2E-5
-18.42893	2E-5
-18.41793	3E-5
-18.40693	3E-5
-18.39593	4E-5
-18.38493	4E-5
-18.37493	6E-5
-18.36393	7E-5
-18.35293	9E-5
-18.34193	1.1E-4
-18.33193	1.4E-4
-18.32093	1.8E-4
-18.30993	2.3E-4
-18.29893	2.9E-4
-18.28793	3.4E-4
-18.27793	3.7E-4
-18.26693	3.7E-4
-18.25593	3.4E-4
-18.24493	2.9E-4
-18.23393	2.3E-4
-18.22393	1.6E-4
-18.21293	1.1E-4
-18.20193	7E-5
-18.19093	4E-5
-18.17993	2E-5
-18.16993	2E-5
-18.15893	1E-5
-18.14793	1E-5
-18.13693	1E-5
-18.12693	1E-5
-18.11593	1E-5
-18.10493	1E-5
-18.09393	1E-5
-18.08293	1E-5
-18.07293	2E-5
-18.06193	2E-5
-18.05093	3E-5
-18.03993	4E-5
-18.02893	6E-5
-18.01893	8E-5
-18.00793	1E-4
-17.99693	1.4E-4
-17.98593	1.9E-4
-17.97493	2.5E-4
-17.96493	3.3E-4
-17.95393	4.3E-4
-17.94293	5.2E-4
-17.93193	6E-4
-17.92193	6.4E-4
-17.91093	6.5E-4
-17.89993	6.2E-4
-17.88893	5.6E-4
-17.87793	4.8E-4
-17.86793	4E-4
-17.85693	3.2E-4
-17.84593	2.6E-4
-17.83493	2E-4
-17.82393	1.6E-4
-17.81393	1.3E-4
-17.80293	1.1E-4
-17.79193	1E-4
-17.78093	1E-4
-17.76993	1E-4
-17.75993	1.2E-4
-17.74893	1.5E-4
-17.73793	1.9E-4
-17.72693	2.3E-4
-17.71693	2.6E-4
-17.70593	2.9E-4
-17.69493	3.1E-4
-17.68393	3.1E-4
-17.67293	3E-4
-17.66293	2.9E-4
-17.65193	2.6E-4
-17.64093	2.4E-4
-17.62993	2.2E-4
-17.61893	2.1E-4
-17.60893	2.1E-4
-17.59793	2.2E-4
-17.58693	2.3E-4
-17.57593	2.4E-4
-17.56493	2.6E-4
-17.55493	2.7E-4
-17.54393	2.7E-4
-17.53293	2.6E-4
-17.52193	2.4E-4
-17.51193	2.1E-4
-17.50093	1.7E-4
-17.48993	1.3E-4
-17.47893	1E-4
-17.46793	8E-5
-17.45793	7E-5
-17.44693	6E-5
-17.43593	6E-5
-17.42493	6E-5
-17.41393	6E-5
-17.40393	7E-5
-17.39293	7E-5
-17.38193	6E-5
-17.37093	6E-5
-17.35993	5E-5
-17.34993	5E-5
-17.33893	4E-5
-17.32793	3E-5
-17.31693	2E-5
-17.30693	2E-5
-17.29593	1E-5
-17.28493	1E-5
-17.27393	1E-5
-17.26293	0
-17.25293	0
-17.24193	0
-17.23093	0
-17.21993	0
-17.20893	0
-17.19893	0
-17.18793	0
-17.17693	0
-17.16593	0
-17.15493	0
-17.14493	0
-17.13393	0
-17.12293	0
-17.11193	0
-17.10193	0
-17.09093	0
-17.07993	0
-17.06893	0
-17.05793	0
-17.04793	0
-17.03693	0
-17.02593	0
-17.01493	0
-17.00393	0
-16.99393	0
-16.98293	0
-16.97193	0
-16.96093	0
-16.94993	0
-16.93993	0
-16.92893	0
-16.91793	0
-16.90693	0
-16.89693	0
-16.88593	0
-16.87493	0
-16.86393	0
-16.85293	0
-16.84293	0
-16.83193	0
-16.82093	0
-16.80993	0
-16.79893	0
-16.78893	0
-16.77793	0
-16.76693	0
-16.75593	0
-16.74493	0
-16.73493	0
-16.72393	0
-16.71293	0
-16.70193	0
-16.69193	0
-16.68093	0
-16.66993	0
-16.65893	0
-16.64793	0
-16.63793	0
-16.62693	0
-16.61593	0
-16.60493	0
-16.59393	0
-16.58393	0
-16.57293	0
-16.56193	0
-16.55093	0
-16.53993	0
-16.52993	0
-16.51893	0
-16.50793	0
-16.49693	0
-16.48693	0
-16.47593	0
-16.46493	0
-16.45393	0
-16.44293	0
-16.43293	0
-16.42193	0
-16.41093	0
-16.39993	0
-16.38893	0
-16.37893	0
-16.36793	0
-16.35693	0
-16.34593	0
-16.33493	0
-16.32493	0
-16.31393	0
-16.30293	0
-16.29193	0
-16.28193	0
-16.27093	0
-16.25993	0
-16.24893	0
-16.23793	0
-16.22793	0
-16.21693	0
-16.20593	0
-16.19493	0
-16.18393	0
-16.17393	0
-16.16293	0
-16.15193	0
-16.14093	0
-16.12993	0
-16.11993	0
-16.10893	0
-16.09793	0
-16.08693	0
-16.07693	0
-16.06593	0
-16.05493	0
-16.04393	0
-16.03293	0
-16.02293	0
-16.01193	0
-16.00093	0
-15.98993	0
-15.97893	0
-15.96893	0
-15.95793	0
-15.94693	0
-15.93593	0
-15.92493	0
-15.91493	0
-15.90393	0
-15.89293	0
-15.88193	0
-15.87193	0
-15.86093	0
-15.84993	0
-15.83893	0
-15.82793	0
-15.81793	0
-15.80693	0
-15.79593	0
-15.78493	1E-5
-15.77393	1E-5
-15.76393	1E-5
-15.75293	0
-15.74193	0
-15.73093	0
-15.71993	0
-15.70993	0
-15.69893	0
-15.68793	0
-15.67693	0
-15.66693	0
-15.65593	0
-15.64493	0
-15.63393	0
-15.62293	1E-5
-15.61293	2E-5
-15.60193	4E-5
-15.59093	7E-5
-15.57993	1E-4
-15.56893	1.5E-4
-15.55893	1.9E-4
-15.54793	2.2E-4
-15.53693	2.4E-4
-15.52593	2.4E-4
-15.51493	2.2E-4
-15.50493	1.9E-4
-15.49393	1.5E-4
-15.48293	1.1E-4
-15.47193	8E-5
-15.46193	7E-5
-15.45093	7E-5
-15.43993	8E-5
-15.42893	1.1E-4
-15.41793	1.5E-4
-15.40793	1.8E-4
-15.39693	2.1E-4
-15.38593	2.2E-4
-15.37493	2.2E-4
-15.36393	2E-4
-15.35393	1.7E-4
-15.34293	1.4E-4
-15.33193	1.2E-4
-15.32093	1E-4
-15.30993	8E-5
-15.29993	7E-5
-15.28893	5E-5
-15.27793	4E-5
-15.26693	3E-5
-15.25693	2E-5
-15.24593	1E-5
-15.23493	1E-5
-15.22393	0
-15.21293	0
-15.20293	0
-15.19193	0
-15.18093	0
-15.16993	0
-15.15893	0
-15.14893	0
-15.13793	0
-15.12693	0
-15.11593	0
-15.10593	0
-15.09493	0
-15.08393	0
-15.07293	0
-15.06193	0
-15.05193	0
-15.04093	0
-15.02993	0
-15.01893	0
-15.00793	0
-14.99793	0
-14.98693	0
-14.97593	0
-14.96493	0
-14.95393	0
-14.94393	0
-14.93293	0
-14.92193	0
-14.91093	0
-14.90093	0
-14.88993	0
-14.87893	0
-14.86793	0
-14.85693	0
-14.84693	0
-14.83593	0
-14.82493	0
-14.81393	0
-14.80293	0
-14.79293	0
-14.78193	0
-14.77093	0
-14.75993	0
-14.74893	0
-14.73893	0
-14.72793	0
-14.71693	0
-14.70593	0
-14.69593	0
-14.68493	0
-14.67393	0
-14.66293	0
-14.65193	0
-14.64193	0
-14.63093	0
-14.61993	0
-14.60893	0
-14.59793	0
-14.58793	0
-14.57693	0
-14.56593	0
-14.55493	0
-14.54393	0
-14.53393	0
-14.52293	0
-14.51193	0
-14.50093	0
-14.49093	0
-14.47993	0
-14.46893	0
-14.45793	0
-14.44693	0
-14.43693	0
-14.42593	0
-14.41493	0
-14.40393	0
-14.39293	1E-5
-14.38293	1E-5
-14.37193	1E-5
-14.36093	2E-5
-14.34993	2E-5
-14.33893	2E-5
-14.32893	2E-5
-14.31793	2E-5
-14.30693	1E-5
-14.29593	1E-5
-14.28593	1E-5
-14.27493	0
-14.26393	0
-14.25293	0
-14.24193	0
-14.23193	0
-14.22093	0
-14.20993	0
-14.19893	0
-14.18793	0
-14.17793	0
-14.16693	0
-14.15593	0
-14.14493	0
-14.13393	0
-14.12393	0
-14.11293	0
-14.10193	0
-14.09093	0
-14.08093	0
-14.06993	0
-14.05893	0
-14.04793	0
-14.03693	0
-14.02693	0
-14.01593	0
-14.00493	0
-13.99393	0
-13.98293	0
-13.97293	0
-13.96193	0
-13.95093	0
-13.93993	0
-13.92893	0
-13.91893	0
-13.90793	0
-13.89693	0
-13.88593	0
-13.87593	0
-13.86493	0
-13.85393	0
-13.84293	0
-13.83193	0
-13.82193	0
-13.81093	0
-13.79993	0
-13.78893	0
-13.77793	0
-13.76793	0
-13.75693	0
-13.74593	1E-5
-13.73493	1E-5
-13.72393	2E-5
-13.71393	3E-5
-13.70293	5E-5
-13.69193	7E-5
-13.68093	9E-5
-13.67093	1E-4
-13.65993	1E-4
-13.64893	9E-5
-13.63793	8E-5
-13.62693	6E-5
-13.61693	4E-5
-13.60593	3E-5
-13.59493	2E-5
-13.58393	1E-5
-13.57293	0
-13.56293	0
-13.55193	0
-13.54093	0
-13.52993	0
-13.51893	0
-13.50893	0
-13.49793	0
-13.48693	0
-13.47593	0
-13.46593	0
-13.45493	0
-13.44393	0
-13.43293	0
-13.42193	0
-13.41193	0
-13.40093	0
-13.38993	0
-13.37893	0
-13.36793	0
-13.35793	0
-13.34693	0
-13.33593	0
-13.32493	0
-13.31393	0
-13.30393	0
-13.29293	0
-13.28193	0
-13.27093	0
-13.26093	0
-13.24993	0
-13.23893	0
-13.22793	0
-13.21693	0
-13.20693	0
-13.19593	0
-13.18493	0
-13.17393	0
-13.16293	0
-13.15293	0
-13.14193	0
-13.13093	0
-13.11993	0
-13.10893	0
-13.09893	0
-13.08793	0
-13.07693	0
-13.06593	0
-13.05593	0
-13.04493	0
-13.03393	0
-13.02293	0
-13.01193	0
-13.00193	0
-12.99093	0
-12.97993	0
-12.96893	0
-12.95793	0
-12.94793	0
-12.93693	0
-12.92593	0
-12.91493	0
-12.90393	0
-12.89393	0
-12.88293	0
-12.87193	0
-12.86093	0
-12.85093	0
-12.83993	0
-12.82893	0
-12.81793	0
-12.80693	0
-12.79693	0
-12.78593	0
-12.77493	0
-12.76393	0
-12.75293	0
-12.74293	0
-12.73193	0
-12.72093	0
-12.70993	0
-12.69893	0
-12.68893	0
-12.67793	0
-12.66693	0
-12.65593	0
-12.64593	0
-12.63493	0
-12.62393	0
-12.61293	0
-12.60193	0
-12.59193	0
-12.58093	0
-12.56993	0
-12.55893	0
-12.54793	0
-12.53793	0
-12.52693	0
-12.51593	0
-12.50493	0
-12.49393	1E-5
-12.48393	2E-5
-12.47293	3E-5
-12.46193	4E-5
-12.45093	6E-5
-12.44093	8E-5
-12.42993	1.1E-4
-12.41893	1.6E-4
-12.40793	2.3E-4
-12.39693	3.4E-4
-12.38693	4.9E-4
-12.37593	6.7E-4
-12.36493	8.6E-4
-12.35393	0.00102
-12.34293	0.00111
-12.33293	0.0011
-12.32193	0.001
-12.31093	8.3E-4
-12.29993	6.3E-4
-12.28893	4.5E-4
-12.27893	3.2E-4
-12.26793	2.6E-4
-12.25693	2.9E-4
-12.24593	3.9E-4
-12.23593	5.5E-4
-12.22493	7.6E-4
-12.21393	9.7E-4
-12.20293	0.00113
-12.19193	0.0012
-12.18193	0.00117
-12.17093	0.00104
-12.15993	8.4E-4
-12.14893	6.2E-4
-12.13793	4.1E-4
-12.12793	2.5E-4
-12.11693	1.4E-4
-12.10593	7E-5
-12.09493	3E-5
-12.08393	2E-5
-12.07393	1E-5
-12.06293	1E-5
-12.05193	2E-5
-12.04093	4E-5
-12.03093	8E-5
-12.01993	1.2E-4
-12.00893	1.8E-4
-11.99793	2.4E-4
-11.98693	3E-4
-11.97693	3.4E-4
-11.96593	3.6E-4
-11.95493	3.7E-4
-11.94393	3.8E-4
-11.93293	4E-4
-11.92293	4.4E-4
-11.91193	4.9E-4
-11.90093	5.5E-4
-11.88993	5.8E-4
-11.87893	5.7E-4
-11.86893	5.3E-4
-11.85793	4.4E-4
-11.84693	3.4E-4
-11.83593	2.4E-4
-11.82593	1.5E-4
-11.81493	9E-5
-11.80393	5E-5
-11.79293	2E-5
-11.78193	1E-5
-11.77193	0
-11.76093	0
-11.74993	0
-11.73893	0
-11.72793	0
-11.71793	0
-11.70693	0
-11.69593	0
-11.68493	0
-11.67493	0
-11.66393	0
-11.65293	0
-11.64193	0
-11.63093	0
-11.62093	0
-11.60993	0
-11.59893	0
-11.58793	0
-11.57693	0
-11.56693	0
-11.55593	0
-11.54493	0
-11.53393	0
-11.52293	0
-11.51293	0
-11.50193	0
-11.49093	0
-11.47993	0
-11.46993	0
-11.45893	0
-11.44793	0
-11.43693	0
-11.42593	0
-11.41593	0
-11.40493	0
-11.39393	0
-11.38293	0
-11.37193	1E-5
-11.36193	2E-5
-11.35093	5E-5
-11.33993	9E-5
-11.32893	1.7E-4
-11.31793	2.6E-4
-11.30793	3.8E-4
-11.29693	5E-4
-11.28593	6.1E-4
-11.27493	6.7E-4
-11.26493	6.7E-4
-11.25393	6.1E-4
-11.24293	5.1E-4
-11.23193	3.9E-4
-11.22093	2.7E-4
-11.21093	1.7E-4
-11.19993	1E-4
-11.18893	5E-5
-11.17793	2E-5
-11.16693	1E-5
-11.15693	1E-5
-11.14593	1E-5
-11.13493	2E-5
-11.12393	3E-5
-11.11293	7E-5
-11.10293	1.3E-4
-11.09193	2.1E-4
-11.08093	3.2E-4
-11.06993	4.4E-4
-11.05993	5.6E-4
-11.04893	6.5E-4
-11.03793	6.9E-4
-11.02693	6.8E-4
-11.01593	6.1E-4
-11.00593	5.1E-4
-10.99493	3.9E-4
-10.98393	2.8E-4
-10.97293	1.9E-4
-10.96193	1.2E-4
-10.95193	7E-5
-10.94093	4E-5
-10.92993	2E-5
-10.91893	1E-5
-10.90793	0
-10.89793	0
-10.88693	0
-10.87593	0
-10.86493	0
-10.85493	0
-10.84393	0
-10.83293	0
-10.82193	0
-10.81093	0
-10.80093	0
-10.78993	0
-10.77893	0
-10.76793	0
-10.75693	0
-10.74693	0
-10.73593	0
-10.72493	0
-10.71393	0
-10.70293	0
-10.69293	0
-10.68193	0
-10.67093	0
-10.65993	0
-10.64993	0
-10.63893	0
-10.62793	0
-10.61693	0
-10.60593	0
-10.59593	0
-10.58493	0
-10.57393	0
-10.56293	0
-10.55193	0
-10.54193	0
-10.53093	0
-10.51993	0
-10.50893	0
-10.49793	0
-10.48793	0
-10.47693	0
-10.46593	0
-10.45493	0
-10.44493	0
-10.43393	0
-10.42293	0
-10.41193	0
-10.40093	0
-10.39093	1E-5
-10.37993	3E-5
-10.36893	7E-5
-10.35793	1.4E-4
-10.34693	2.7E-4
-10.33693	4.7E-4
-10.32593	7.4E-4
-10.31493	0.00105
-10.30393	0.00137
-10.29293	0.00163
-10.28293	0.00177
-10.27193	0.00175
-10.26093	0.00158
-10.24993	0.0013
-10.23993	9.7E-4
-10.22893	6.6E-4
-10.21793	4.1E-4
-10.20693	2.3E-4
-10.19593	1.2E-4
-10.18593	6E-5
-10.17493	3E-5
-10.16393	2E-5
-10.15293	4E-5
-10.14193	7E-5
-10.13193	1.4E-4
-10.12093	2.5E-4
-10.10993	4E-4
-10.09893	5.9E-4
-10.08793	7.9E-4
-10.07793	9.7E-4
-10.06693	0.00109
-10.05593	0.00111
-10.04493	0.00104
-10.03493	8.8E-4
-10.02393	6.8E-4
-10.01293	4.8E-4
-10.00193	3.1E-4
-9.99093	1.8E-4
-9.98093	1E-4
-9.96993	5E-5
-9.95893	2E-5
-9.94793	1E-5
-9.93693	0
-9.92693	0
-9.91593	0
-9.90493	0
-9.89393	0
-9.88293	0
-9.87293	0
-9.86193	0
-9.85093	0
-9.83993	0
-9.82993	0
-9.81893	0
-9.80793	0
-9.79693	0
-9.78593	0
-9.77593	0
-9.76493	0
-9.75393	1E-5
-9.74293	2E-5
-9.73193	5E-5
-9.72193	1.1E-4
-9.71093	2.3E-4
-9.69993	4.4E-4
-9.68893	7.8E-4
-9.67793	0.00126
-9.66793	0.00189
-9.65693	0.0026
-9.64593	0.00331
-9.63493	0.00388
-9.62493	0.00419
-9.61393	0.00419
-9.60293	0.00387
-9.59193	0.0033
-9.58093	0.0026
-9.57093	0.00189
-9.55993	0.00126
-9.54893	7.8E-4
-9.53793	4.4E-4
-9.52693	2.3E-4
-9.51693	1.1E-4
-9.50593	5E-5
-9.49493	2E-5
-9.48393	1E-5
-9.47293	0
-9.46293	0
-9.45193	0
-9.44093	0
-9.42993	0
-9.41993	0
-9.40893	0
-9.39793	0
-9.38693	0
-9.37593	0
-9.36593	0
-9.35493	0
-9.34393	0
-9.33293	0
-9.32193	0
-9.31193	0
-9.30093	0
-9.28993	0
-9.27893	0
-9.26793	0
-9.25793	0
-9.24693	0
-9.23593	0
-9.22493	0
-9.21493	0
-9.20393	0
-9.19293	0
-9.18193	0
-9.17093	0
-9.16093	0
-9.14993	0
-9.13893	0
-9.12793	0
-9.11693	0
-9.10693	0
-9.09593	0
-9.08493	0
-9.07393	0
-9.06293	0
-9.05293	0
-9.04193	0
-9.03093	0
-9.01993	0
-9.00993	0
-8.99893	0
-8.98793	0
-8.97693	0
-8.96593	1E-5
-8.95593	1E-5
-8.94493	3E-5
-8.93393	7E-5
-8.92293	1.5E-4
-8.91193	2.7E-4
-8.90193	4.5E-4
-8.89093	6.9E-4
-8.87993	9.7E-4
-8.86893	0.00124
-8.85793	0.00143
-8.84793	0.00152
-8.83693	0.00147
-8.82593	0.00129
-8.81493	0.00104
-8.80493	7.7E-4
-8.79393	5.2E-4
-8.78293	3.5E-4
-8.77193	2.6E-4
-8.76093	2.7E-4
-8.75093	3.7E-4
-8.73993	5.5E-4
-8.72893	7.9E-4
-8.71793	0.00107
-8.70693	0.00132
-8.69693	0.00149
-8.68593	0.00153
-8.67493	0.00143
-8.66393	0.00122
-8.65293	9.5E-4
-8.64293	6.8E-4
-8.63193	4.4E-4
-8.62093	2.6E-4
-8.60993	1.4E-4
-8.59993	7E-5
-8.58893	3E-5
-8.57793	1E-5
-8.56693	0
-8.55593	0
-8.54593	0
-8.53493	0
-8.52393	0
-8.51293	0
-8.50193	1E-5
-8.49193	3E-5
-8.48093	1E-4
-8.46993	2.8E-4
-8.45893	7.1E-4
-8.44793	0.00164
-8.43793	0.00345
-8.42693	0.00659
-8.41593	0.01151
-8.40493	0.01831
-8.39493	0.02657
-8.38393	0.03518
-8.37293	0.04247
-8.36193	0.04676
-8.35093	0.04696
-8.34093	0.04302
-8.32993	0.03594
-8.31893	0.02739
-8.30793	0.01905
-8.29693	0.01208
-8.28693	0.00699
-8.27593	0.00369
-8.26493	0.00178
-8.25393	8.1E-4
-8.24393	4.3E-4
-8.23293	5.5E-4
-8.22193	0.0015
-8.21093	0.00451
-8.19993	0.01258
-8.18993	0.0321
-8.17893	0.07467
-8.16793	0.15838
-8.15693	0.30627
-8.14593	0.54001
-8.13593	0.86819
-8.12493	1.2727
-8.11393	1.701
-8.10293	2.0738
-8.09193	2.3058
-8.08193	2.3393
-8.07093	2.1656
-8.05993	1.8308
-8.04893	1.4147
-8.03893	1.0005
-8.02793	0.64903
-8.01693	0.38738
-8.00593	0.21373
-7.99493	0.10969
-7.98493	0.05279
-7.97393	0.02405
-7.96293	0.01045
-7.95193	0.00436
-7.94093	0.00175
-7.93093	6.9E-4
-7.91993	3E-4
-7.90893	2.2E-4
-7.89793	3.6E-4
-7.88693	8.2E-4
-7.87693	0.00198
-7.86593	0.00491
-7.85493	0.0123
-7.84393	0.03036
-7.83393	0.07182
-7.82293	0.15956
-7.81193	0.32869
-7.80093	0.6227
-7.78993	1.0805
-7.77993	1.7137
-7.76893	2.4814
-7.75793	3.2778
-7.74693	3.9491
-7.73593	4.3391
-7.72593	4.3475
-7.71493	3.9719
-7.70393	3.3087
-7.69293	2.513
-7.68193	1.7402
-7.67193	1.0991
-7.66093	0.63277
-7.64993	0.33219
-7.63893	0.15901
-7.62893	0.0694
-7.61793	0.02761
-7.60693	0.01002
-7.59593	0.00331
-7.58493	0.001
-7.57493	2.8E-4
-7.56393	7E-5
-7.55293	2E-5
-7.54193	2E-5
-7.53093	3E-5
-7.52093	6E-5
-7.50993	9E-5
-7.49893	1.4E-4
-7.48793	2E-4
-7.47693	2.5E-4
-7.46693	2.9E-4
-7.45593	3E-4
-7.44493	3E-4
-7.43393	2.7E-4
-7.42393	2.4E-4
-7.41293	2.3E-4
-7.40193	2.5E-4
-7.39093	3.3E-4
-7.37993	4.7E-4
-7.36993	6.6E-4
-7.35893	8.7E-4
-7.34793	0.00106
-7.33693	0.00118
-7.32593	0.00119
-7.31593	0.0011
-7.30493	9.3E-4
-7.29393	7.2E-4
-7.28293	5.1E-4
-7.27193	3.2E-4
-7.26193	1.9E-4
-7.25093	1E-4
-7.23993	5E-5
-7.22893	2E-5
-7.21893	1E-5
-7.20793	2E-5
-7.19693	7E-5
-7.18593	2.5E-4
-7.17493	8.4E-4
-7.16493	0.00252
-7.15393	0.00691
-7.14293	0.01727
-7.13193	0.03936
-7.12093	0.08178
-7.11093	0.15493
-7.09993	0.26759
-7.08893	0.42144
-7.07793	0.60524
-7.06693	0.79275
-7.05693	0.94724
-7.04593	1.0334
-7.03493	1.03092
-7.02393	0.9429
-7.01393	0.79548
-7.00293	0.62588
-6.99193	0.46814
-6.98093	0.34278
-6.96993	0.25431
-6.95993	0.19531
-6.94893	0.15431
-6.93793	0.12182
-6.92693	0.09299
-6.91593	0.06698
-6.90593	0.04486
-6.89493	0.02772
-6.88393	0.01576
-6.87293	0.00824
-6.86193	0.00396
-6.85193	0.00175
-6.84093	7.1E-4
-6.82993	2.7E-4
-6.81893	9E-5
-6.80893	3E-5
-6.79793	1E-5
-6.78693	0
-6.77593	0
-6.76493	0
-6.75493	0
-6.74393	0
-6.73293	0
-6.72193	0
-6.71093	0
-6.70093	1E-5
-6.68993	2E-5
-6.67893	5E-5
-6.66793	1.1E-4
-6.65693	2E-4
-6.64693	3.4E-4
-6.63593	5.3E-4
-6.62493	7.5E-4
-6.61393	9.6E-4
-6.60393	0.00113
-6.59293	0.00122
-6.58193	0.00119
-6.57093	0.00107
-6.55993	9E-4
-6.54993	7.5E-4
-6.53893	7.2E-4
-6.52793	9.3E-4
-6.51693	0.00155
-6.50593	0.00274
-6.49593	0.00467
-6.48493	0.00736
-6.47393	0.01061
-6.46293	0.01397
-6.45193	0.01676
-6.44193	0.01835
-6.43093	0.01831
-6.41993	0.01667
-6.40893	0.01384
-6.39893	0.0105
-6.38793	0.00733
-6.37693	0.00483
-6.36593	0.00329
-6.35493	0.00293
-6.34493	0.00427
-6.33393	0.0087
-6.32293	0.01951
-6.31193	0.04327
-6.30093	0.09121
-6.29093	0.17936
-6.27993	0.32589
-6.26893	0.54474
-6.25793	0.83597
-6.24693	1.17837
-6.23693	1.52818
-6.22593	1.82951
-6.21493	2.03034
-6.20393	2.10114
-6.19393	2.04127
-6.18293	1.87405
-6.17193	1.6352
-6.16093	1.36145
-6.14993	1.0848
-6.13993	0.83192
-6.12893	0.62484
-6.11793	0.47822
-6.10693	0.39761
-6.09593	0.37773
-6.08593	0.40273
-6.07493	0.44958
-6.06393	0.49328
-6.05293	0.51325
-6.04193	0.49887
-6.03193	0.45328
-6.02093	0.39077
-6.00993	0.33416
-5.99893	0.30696
-5.98893	0.3275
-5.97793	0.40381
-5.96693	0.53049
-5.95593	0.68782
-5.94493	0.84563
-5.93493	0.97026
-5.92393	1.03505
-5.91293	1.0288
-5.90193	0.95799
-5.89093	0.84359
-5.88093	0.71388
-5.86993	0.59502
-5.85893	0.50645
-5.84793	0.45805
-5.83693	0.45073
-5.82693	0.47838
-5.81593	0.53021
-5.80493	0.5925
-5.79393	0.64987
-5.78393	0.68775
-5.77293	0.69517
-5.76193	0.66747
-5.75093	0.60931
-5.73993	0.53141
-5.72993	0.44798
-5.71893	0.37187
-5.70793	0.31151
-5.69693	0.27048
-5.68593	0.24831
-5.67593	0.24182
-5.66493	0.24637
-5.65393	0.25689
-5.64293	0.26852
-5.63193	0.27717
-5.62193	0.2798
-5.61093	0.2746
-5.59993	0.26136
-5.58893	0.24206
-5.57893	0.22074
-5.56793	0.20279
-5.55693	0.19295
-5.54593	0.19349
-5.53493	0.20341
-5.52493	0.2191
-5.51393	0.23647
-5.50293	0.25304
-5.49193	0.26899
-5.48093	0.28651
-5.47093	0.30783
-5.45993	0.33308
-5.44893	0.35938
-5.43793	0.38131
-5.42693	0.39258
-5.41693	0.38837
-5.40593	0.36703
-5.39493	0.33125
-5.38393	0.28817
-5.37393	0.24846
-5.36293	0.22461
-5.35193	0.22854
-5.34093	0.26845
-5.32993	0.34545
-5.31993	0.45092
-5.30893	0.56617
-5.29793	0.66688
-5.28693	0.72999
-5.27593	0.74229
-5.26593	0.70485
-5.25493	0.63193
-5.24393	0.54389
-5.23293	0.45937
-5.22193	0.38901
-5.21193	0.3352
-5.20093	0.29495
-5.18993	0.2642
-5.17893	0.24017
-5.16893	0.22175
-5.15793	0.20807
-5.14693	0.1972
-5.13593	0.18624
-5.12493	0.17257
-5.11493	0.15524
-5.10393	0.13563
-5.09293	0.1167
-5.08193	0.10154
-5.07093	0.09184
-5.06093	0.08714
-5.04993	0.08533
-5.03893	0.08375
-5.02793	0.08061
-5.01693	0.0757
-5.00693	0.07051
-4.99593	0.06762
-4.98493	0.06977
-4.97393	0.07912
-4.96393	0.09666
-4.95293	0.12212
-4.94193	0.15386
-4.93093	0.18885
-4.91993	0.22335
-4.90993	0.25375
-4.89893	0.27853
-4.88793	0.30037
-4.87693	0.32752
-4.86593	0.37331
-4.85593	0.45344
-4.84493	0.58108
-4.83393	0.76153
-4.82293	0.9878
-4.81293	1.2387
-4.80193	1.482
-4.79093	1.6803
-4.77993	1.8046
-4.76893	1.8442
-4.75893	1.8147
-4.74793	1.7535
-4.73693	1.705
-4.72593	1.7028
-4.71493	1.7555
-4.70493	1.8443
-4.69393	1.931
-4.68293	1.9739
-4.67193	1.941
-4.66093	1.8195
-4.65093	1.6168
-4.63993	1.3578
-4.62893	1.0771
-4.61793	0.80971
-4.60793	0.58368
-4.59693	0.41437
-4.58593	0.30506
-4.57493	0.2492
-4.56393	0.23456
-4.55393	0.2469
-4.54293	0.27225
-4.53193	0.29846
-4.52093	0.31596
-4.50993	0.31865
-4.49993	0.30444
-4.48893	0.27522
-4.47793	0.23597
-4.46693	0.19286
-4.45593	0.15151
-4.44593	0.11569
-4.43493	0.08702
-4.42393	0.0655
-4.41293	0.05045
-4.40293	0.04134
-4.39193	0.03832
-4.38093	0.04221
-4.36993	0.05401
-4.35893	0.07397
-4.34893	0.10066
-4.33793	0.13062
-4.32693	0.15874
-4.31593	0.17967
-4.30493	0.18963
-4.29493	0.18781
-4.28393	0.17663
-4.27293	0.16095
-4.26193	0.14612
-4.25093	0.13628
-4.24093	0.13336
-4.22993	0.13672
-4.21893	0.14395
-4.20793	0.15176
-4.19793	0.15729
-4.18693	0.15881
-4.17593	0.15625
-4.16493	0.15088
-4.15393	0.14486
-4.14393	0.14009
-4.13293	0.13773
-4.12193	0.13781
-4.11093	0.13957
-4.09993	0.14215
-4.08993	0.14532
-4.07893	0.14969
-4.06793	0.15634
-4.05693	0.16604
-4.04593	0.17825
-4.03593	0.19106
-4.02493	0.20157
-4.01393	0.20728
-4.00293	0.2071
-3.99293	0.20204
-3.98193	0.19476
-3.97093	0.18865
-3.95993	0.18657
-3.94893	0.19004
-3.93893	0.19869
-3.92793	0.21066
-3.91693	0.22286
-3.90593	0.23212
-3.89493	0.23593
-3.88493	0.2336
-3.87393	0.22651
-3.86293	0.21794
-3.85193	0.21158
-3.84093	0.21011
-3.83093	0.21373
-3.81993	0.22017
-3.80893	0.22576
-3.79793	0.22708
-3.78793	0.2226
-3.77693	0.21279
-3.76593	0.19958
-3.75493	0.18528
-3.74393	0.17189
-3.73393	0.16114
-3.72293	0.15519
-3.71193	0.15688
-3.70093	0.16944
-3.68993	0.19556
-3.67993	0.23602
-3.66893	0.28871
-3.65793	0.34861
-3.64693	0.40908
-3.63593	0.46434
-3.62593	0.51263
-3.61493	0.55757
-3.60393	0.60679
-3.59293	0.66708
-3.58293	0.73934
-3.57193	0.8149
-3.56093	0.87816
-3.54993	0.91327
-3.53893	0.9117
-3.52893	0.87621
-3.51793	0.81915
-3.50693	0.75555
-3.49593	0.69703
-3.48493	0.64826
-3.47493	0.60886
-3.46393	0.57697
-3.45293	0.55572
-3.44193	0.55216
-3.43093	0.57571
-3.42093	0.63266
-3.40993	0.72131
-3.39893	0.83148
-3.38793	0.94651
-3.37793	1.04872
-3.36693	1.12532
-3.35593	1.17005
-3.34493	1.18427
-3.33393	1.1735
-3.32393	1.144
-3.31293	1.1005
-3.30193	1.047
-3.29093	0.9882
-3.27993	0.9307
-3.26993	0.8837
-3.25893	0.8552
-3.24793	0.8511
-3.23693	0.8722
-3.22593	0.91498
-3.21593	0.97213
-3.20493	1.0347
-3.19393	1.0933
-3.18293	1.139
-3.17293	1.1652
-3.16193	1.1687
-3.15093	1.1511
-3.13993	1.1195
-3.12893	1.0844
-3.11893	1.0569
-3.10793	1.0472
-3.09693	1.063
-3.08593	1.1102
-3.07493	1.1964
-3.06493	1.3288
-3.05393	1.5098
-3.04293	1.7323
-3.03193	1.9764
-3.02093	2.2118
-3.01093	2.4083
-2.99993	2.5489
-2.98893	2.6369
-2.97793	2.6915
-2.96793	2.7329
-2.95693	2.7661
-2.94593	2.7738
-2.93493	2.725
-2.92393	2.5907
-2.91393	2.3623
-2.90293	2.0549
-2.89193	1.7037
-2.88093	1.3499
-2.86993	1.029
-2.85993	0.76431
-2.84893	0.56483
-2.83793	0.42778
-2.82693	0.3423
-2.81593	0.29362
-2.80593	0.2672
-2.79493	0.25161
-2.78393	0.23977
-2.77293	0.22901
-2.76293	0.2195
-2.75193	0.21291
-2.74093	0.211
-2.72993	0.21505
-2.71893	0.22548
-2.70893	0.24197
-2.69793	0.26361
-2.68693	0.28869
-2.67593	0.31436
-2.66493	0.33666
-2.65493	0.35102
-2.64393	0.35367
-2.63293	0.34314
-2.62193	0.32117
-2.61093	0.29225
-2.60093	0.26185
-2.58993	0.23457
-2.57893	0.2129
-2.56793	0.19707
-2.55793	0.18562
-2.54693	0.17621
-2.53593	0.16653
-2.52493	0.15498
-2.51393	0.14134
-2.50393	0.1268
-2.49293	0.1138
-2.48193	0.10517
-2.47093	0.10311
-2.45993	0.10822
-2.44993	0.11926
-2.43893	0.13361
-2.42793	0.14829
-2.41693	0.16107
-2.40593	0.17089
-2.39593	0.17758
-2.38493	0.18107
-2.37393	0.1805
-2.36293	0.1745
-2.35293	0.16174
-2.34193	0.14211
-2.33093	0.11724
-2.31993	0.09021
-2.30893	0.06451
-2.29893	0.04292
-2.28793	0.02681
-2.27693	0.01617
-2.26593	0.00999
-2.25493	0.0069
-2.24493	0.00561
-2.23393	0.00517
-2.22293	0.00494
-2.21193	0.00462
-2.20093	0.00411
-2.19093	0.00344
-2.17993	0.00268
-2.16893	0.00195
-2.15793	0.00131
-2.14793	8.2E-4
-2.13693	4.7E-4
-2.12593	2.5E-4
-2.11493	1.3E-4
-2.10393	7E-5
-2.09393	5E-5
-2.08293	6E-5
-2.07193	1E-4
-2.06093	1.8E-4
-2.04993	2.9E-4
-2.03993	4.4E-4
-2.02893	6.6E-4
-2.01793	0.001
-2.00693	0.00157
-1.99593	0.00254
-1.98593	0.00415
-1.97493	0.00664
-1.96393	0.01015
-1.95293	0.01457
-1.94293	0.01953
-1.93193	0.0244
-1.92093	0.02855
-1.90993	0.03163
-1.89893	0.03395
-1.88893	0.0366
-1.87793	0.04125
-1.86693	0.04954
-1.85593	0.06249
-1.84493	0.07992
-1.83493	0.10065
-1.82393	0.1231
-1.81293	0.14622
-1.80193	0.17049
-1.79093	0.19799
-1.78093	0.23283
-1.76993	0.28083
-1.75893	0.34846
-1.74793	0.44024
-1.73793	0.5545
-1.72693	0.67888
-1.71593	0.79093
-1.70493	0.86301
-1.69393	0.87262
-1.68393	0.81214
-1.67293	0.69326
-1.66193	0.54127
-1.65093	0.38627
-1.63993	0.25156
-1.62993	0.14951
-1.61893	0.08106
-1.60793	0.04011
-1.59693	0.01812
-1.58593	0.00752
-1.57593	0.00294
-1.56493	0.00123
-1.55393	7.4E-4
-1.54293	7.5E-4
-1.53293	9.2E-4
-1.52193	0.00112
-1.51093	0.00127
-1.49993	0.00131
-1.48893	0.00125
-1.47893	0.00111
-1.46793	9.5E-4
-1.45693	8.2E-4
-1.44593	7.7E-4
-1.43493	8.1E-4
-1.42493	9.2E-4
-1.41393	0.00106
-1.40293	0.00119
-1.39193	0.00128
-1.38193	0.00133
-1.37093	0.0014
-1.35993	0.00157
-1.34893	0.00191
-1.33793	0.00246
-1.32793	0.00319
-1.31693	0.00401
-1.30593	0.0048
-1.29493	0.00542
-1.28393	0.00583
-1.27393	0.006
-1.26293	0.00596
-1.25193	0.00572
-1.24093	0.00529
-1.22993	0.00467
-1.21993	0.0039
-1.20893	0.00305
-1.19793	0.00221
-1.18693	0.00148
-1.17693	9.1E-4
-1.16593	5.1E-4
-1.15493	2.6E-4
-1.14393	1.2E-4
-1.13293	5E-5
-1.12293	2E-5
-1.11193	1E-5
-1.10093	0
-1.08993	0
-1.07893	0
-1.06893	0
-1.05793	1E-5
-1.04693	2E-5
-1.03593	4E-5
-1.02493	8E-5
-1.01493	1.6E-4
-1.00393	2.9E-4
-0.99293	4.9E-4
-0.98193	7.4E-4
-0.97193	0.00103
-0.96093	0.00131
-0.94993	0.00151
-0.93893	0.00158
-0.92793	0.00152
-0.91793	0.00133
-0.90693	0.00106
-0.89593	7.7E-4
-0.88493	5.1E-4
-0.87393	3.1E-4
-0.86393	1.7E-4
-0.85293	9E-5
-0.84193	4E-5
-0.83093	2E-5
-0.81993	1E-5
-0.80993	0
-0.79893	0
-0.78793	0
-0.77693	0
-0.76693	0
-0.75593	0
-0.74493	0
-0.73393	0
-0.72293	0
-0.71293	0
-0.70193	0
-0.69093	0
-0.67993	0
-0.66893	0
-0.65893	0
-0.64793	0
-0.63693	0
-0.62593	0
-0.61493	0
-0.60493	0
-0.59393	0
-0.58293	0
-0.57193	0
-0.56193	0
-0.55093	0
-0.53993	0
-0.52893	0
-0.51793	1E-5
-0.50793	1E-5
-0.49693	2E-5
-0.48593	3E-5
-0.47493	4E-5
-0.46393	5E-5
-0.45393	6E-5
-0.44293	7E-5
-0.43193	7E-5
-0.42093	6E-5
-0.40993	5E-5
-0.39993	4E-5
-0.38893	3E-5
-0.37793	2E-5
-0.36693	1E-5
-0.35693	0
-0.34593	0
-0.33493	0
-0.32393	0
-0.31293	0
-0.30293	0
-0.29193	1E-5
-0.28093	2E-5
-0.26993	3E-5
-0.25893	7E-5
-0.24893	1.4E-4
-0.23793	2.4E-4
-0.22693	3.9E-4
-0.21593	5.8E-4
-0.20493	8E-4
-0.19493	0.00101
-0.18393	0.00119
-0.17293	0.00131
-0.16193	0.00139
-0.15193	0.00142
-0.14093	0.00142
-0.12993	0.0014
-0.11893	0.00137
-0.10793	0.00137
-0.09793	0.00147
-0.08693	0.0018
-0.07593	0.00254
-0.06493	0.00388
-0.05393	0.00593
-0.04393	0.00862
-0.03293	0.0117
-0.02193	0.0148
-0.01093	0.01796
7E-5	0.02244
0.01007	0.03235
0.02107	0.05718
0.03207	0.1149
0.04307	0.2345
0.05307	0.45491
0.06407	0.81642
0.07507	1.3425
0.08607	2.0167
0.09707	2.7637
0.10707	3.4547
0.11807	3.9382
0.12907	4.094
0.14007	3.8813
0.15107	3.3554
0.16107	2.6454
0.17207	1.9018
0.18307	1.2469
0.19407	0.74546
0.20507	0.40646
0.21507	0.2021
0.22607	0.09167
0.23707	0.03797
0.24807	0.01447
0.25807	0.00527
0.26907	0.00216
0.28007	0.00142
0.29107	0.00154
0.30207	0.00194
0.31207	0.00235
0.32307	0.00264
0.33407	0.00273
0.34507	0.00258
0.35607	0.00223
0.36607	0.00178
0.37707	0.00131
0.38807	9.1E-4
0.39907	6.2E-4
0.41007	4.4E-4
0.42007	3.7E-4
0.43107	3.5E-4
0.44207	3.7E-4
0.45307	3.9E-4
0.46307	4.2E-4
0.47407	4.4E-4
0.48507	4.7E-4
0.49607	5.1E-4
0.50707	5.5E-4
0.51707	5.7E-4
0.52807	5.6E-4
0.53907	5.2E-4
0.55007	4.4E-4
0.56107	3.4E-4
0.57107	2.4E-4
0.58207	1.6E-4
0.59307	9E-5
0.60407	5E-5
0.61507	3E-5
0.62507	1E-5
0.63607	0
0.64707	0
0.65807	0
0.66807	0
0.67907	0
0.69007	0
0.70107	0
0.71207	1E-5
0.72207	1E-5
0.73307	1E-5
0.74407	2E-5
0.75507	3E-5
0.76607	5E-5
0.77607	1E-4
0.78707	2E-4
0.79807	3.7E-4
0.80907	6.4E-4
0.82007	0.00102
0.83007	0.00147
0.84107	0.00195
0.85207	0.00236
0.86307	0.00262
0.87307	0.00266
0.88407	0.00247
0.89507	0.00209
0.90607	0.00163
0.91707	0.00115
0.92707	7.5E-4
0.93807	4.5E-4
0.94907	2.4E-4
0.96007	1.2E-4
0.97107	5E-5
0.98107	2E-5
0.99207	1E-5
1.00307	0
1.01407	0
1.02507	0
1.03507	1E-5
1.04607	1E-5
1.05707	2E-5
1.06807	4E-5
1.07807	6E-5
1.08907	9E-5
1.10007	1.1E-4
1.11107	1.3E-4
1.12207	1.5E-4
1.13207	2E-4
1.14307	3.5E-4
1.15407	8.7E-4
1.16507	0.00242
1.17607	0.00664
1.18607	0.01699
1.19707	0.03993
1.20807	0.08588
1.21907	0.16881
1.23007	0.30317
1.24007	0.49766
1.25107	0.74724
1.26207	1.02779
1.27307	1.29781
1.28307	1.51124
1.29407	1.63474
1.30507	1.66368
1.31607	1.62264
1.32707	1.5529
1.33707	1.4886
1.34807	1.4408
1.35907	1.39405
1.37007	1.31993
1.38107	1.19841
1.39107	1.03076
1.40207	0.84004
1.41307	0.65811
1.42407	0.51145
1.43507	0.40999
1.44507	0.3477
1.45607	0.30933
1.46707	0.27987
1.47807	0.25132
1.48807	0.22444
1.49907	0.20672
1.51007	0.20867
1.52107	0.24099
1.53207	0.31244
1.54207	0.42707
1.55307	0.58037
1.56407	0.75532
1.57507	0.92163
1.58607	1.04213
1.59607	1.08488
1.60707	1.03588
1.61807	0.90494
1.62907	0.72276
1.64007	0.52731
1.65007	0.35162
1.66107	0.21457
1.67207	0.12018
1.68307	0.0622
1.69307	0.03018
1.70407	0.01419
1.71507	0.00695
1.72607	0.004
1.73707	0.00298
1.74707	0.00273
1.75807	0.00268
1.76907	0.0026
1.78007	0.00237
1.79107	0.002
1.80107	0.00155
1.81207	0.0011
1.82307	7.2E-4
1.83407	4.3E-4
1.84507	2.3E-4
1.85507	1.1E-4
1.86607	5E-5
1.87707	2E-5
1.88807	1E-5
1.89807	0
1.90907	0
1.92007	0
1.93107	0
1.94207	0
1.95207	1E-5
1.96307	2E-5
1.97407	5E-5
1.98507	1.1E-4
1.99607	2.3E-4
2.00607	4.4E-4
2.01707	8E-4
2.02807	0.00139
2.03907	0.00226
2.04907	0.00344
2.06007	0.0049
2.07107	0.00654
2.08207	0.00819
2.09307	0.00971
2.10307	0.01094
2.11407	0.01183
2.12507	0.01233
2.13607	0.0124
2.14707	0.01201
2.15707	0.01112
2.16807	0.00977
2.17907	0.00806
2.19007	0.00621
2.20107	0.00446
2.21107	0.00299
2.22207	0.00192
2.23307	0.00126
2.24407	9.4E-4
2.25407	8.8E-4
2.26507	9.6E-4
2.27607	0.00108
2.28707	0.00116
2.29807	0.00116
2.30807	0.00107
2.31907	9.1E-4
2.33007	7.3E-4
2.34107	5.7E-4
2.35207	4.8E-4
2.36207	4.6E-4
2.37307	5.3E-4
2.38407	6.6E-4
2.39507	8E-4
2.40607	9.3E-4
2.41607	9.9E-4
2.42707	9.8E-4
2.43807	9.2E-4
2.44907	8.7E-4
2.45907	9.2E-4
2.47007	0.00122
2.48107	0.00194
2.49207	0.00322
2.50307	0.00516
2.51307	0.00771
2.52407	0.01056
2.53507	0.01325
2.54607	0.01519
2.55707	0.01592
2.56707	0.01523
2.57807	0.01332
2.58907	0.01065
2.60007	0.0078
2.61107	0.00523
2.62107	0.00324
2.63207	0.00191
2.64307	0.00121
2.65407	0.00113
2.66407	0.00177
2.67507	0.00348
2.68607	0.00677
2.69707	0.01231
2.70807	0.0207
2.71807	0.03227
2.72907	0.04699
2.74007	0.06465
2.75107	0.08521
2.76207	0.10883
2.77207	0.13561
2.78307	0.16455
2.79407	0.19256
2.80507	0.2145
2.81607	0.22457
2.82607	0.21867
2.83707	0.19663
2.84807	0.16247
2.85907	0.12299
2.86907	0.08511
2.88007	0.05381
2.89107	0.03105
2.90207	0.01634
2.91307	0.00785
2.92307	0.00345
2.93407	0.00139
2.94507	5.3E-4
2.95607	2.1E-4
2.96707	1.1E-4
2.97707	9E-5
2.98807	1.2E-4
2.99907	2.1E-4
3.01007	3.9E-4
3.02107	7.4E-4
3.03107	0.00134
3.04207	0.00229
3.05307	0.00359
3.06407	0.00517
3.07407	0.00681
3.08507	0.00827
3.09607	0.00933
3.10707	0.01003
3.11807	0.01077
3.12807	0.01233
3.13907	0.01575
3.15007	0.02195
3.16107	0.03129
3.17207	0.04323
3.18207	0.05615
3.19307	0.06779
3.20407	0.07588
3.21507	0.07896
3.22607	0.07698
3.23607	0.071
3.24707	0.06298
3.25807	0.05528
3.26907	0.0508
3.27907	0.05364
3.29007	0.06995
3.30107	0.10828
3.31207	0.17851
3.32307	0.28844
3.33307	0.43887
3.34407	0.61912
3.35507	0.80647
3.36607	0.97167
3.37707	1.09054
3.38707	1.15318
3.39807	1.16941
3.40907	1.1611
3.42007	1.1499
3.43107	1.1437
3.44107	1.1335
3.45207	1.0995
3.46307	1.0229
3.47407	0.89844
3.48407	0.73661
3.49507	0.56007
3.50607	0.39361
3.51707	0.25594
3.52807	0.15541
3.53807	0.09073
3.54907	0.05488
3.56007	0.03939
3.57107	0.03722
3.58207	0.04386
3.59207	0.057
3.60307	0.07547
3.61407	0.09817
3.62507	0.1236
3.63607	0.15013
3.64607	0.17653
3.65707	0.20256
3.66807	0.22853
3.67907	0.25398
3.68907	0.27677
3.70007	0.29279
3.71107	0.29761
3.72207	0.28854
3.73307	0.2664
3.74307	0.23513
3.75407	0.20003
3.76507	0.16549
3.77607	0.13405
3.78707	0.10637
3.79707	0.08236
3.80807	0.06194
3.81907	0.04541
3.83007	0.0333
3.84107	0.02619
3.85107	0.02465
3.86207	0.02924
3.87307	0.04029
3.88407	0.05746
3.89407	0.07925
3.90507	0.10281
3.91607	0.12449
3.92707	0.14091
3.93807	0.1502
3.94807	0.15266
3.95907	0.15039
3.97007	0.14588
3.98107	0.14092
3.99207	0.13591
4.00207	0.13023
4.01307	0.12324
4.02407	0.11471
4.03507	0.10498
4.04607	0.09444
4.05607	0.08346
4.06707	0.07241
4.07807	0.06198
4.08907	0.0534
4.09907	0.04795
4.11007	0.04643
4.12107	0.04856
4.13207	0.053
4.14307	0.05773
4.15307	0.06089
4.16407	0.06154
4.17507	0.05995
4.18607	0.05707
4.19707	0.05391
4.20707	0.05086
4.21807	0.04761
4.22907	0.04358
4.24007	0.03848
4.25107	0.03273
4.26107	0.02732
4.27207	0.02345
4.28307	0.02197
4.29407	0.02302
4.30407	0.02607
4.31507	0.03024
4.32607	0.03485
4.33707	0.04006
4.34807	0.04724
4.35807	0.05878
4.36907	0.07722
4.38007	0.104
4.39107	0.13817
4.40207	0.17606
4.41207	0.21207
4.42307	0.24042
4.43407	0.25684
4.44507	0.25959
4.45607	0.24943
4.46607	0.22854
4.47707	0.20004
4.48807	0.16732
4.49907	0.13399
4.50907	0.10397
4.52007	0.0807
4.53107	0.06661
4.54207	0.06235
4.55307	0.06676
4.56307	0.07714
4.57407	0.09018
4.58507	0.10297
4.59607	0.11374
4.60707	0.12184
4.61707	0.12736
4.62807	0.13026
4.63907	0.1303
4.65007	0.12738
4.66107	0.12239
4.67107	0.11782
4.68207	0.11749
4.69307	0.1256
4.70407	0.14493
4.71407	0.17519
4.72507	0.21209
4.73607	0.24787
4.74707	0.27394
4.75807	0.28434
4.76807	0.27904
4.77907	0.2649
4.79007	0.25422
4.80107	0.26083
4.81207	0.29591
4.82207	0.36511
4.83307	0.46816
4.84407	0.60129
4.85507	0.76008
4.86607	0.9405
4.87607	1.1375
4.88707	1.3384
4.89807	1.5221
4.90907	1.6601
4.91907	1.7275
4.93007	1.7134
4.94107	1.6276
4.95207	1.4963
4.96307	1.3526
4.97307	1.2233
4.98407	1.1233
4.99507	1.0509
5.00607	0.993
5.01707	0.9303
5.02707	0.84849
5.03807	0.74259
5.04907	0.62106
5.06007	0.50123
5.07107	0.40318
5.08107	0.34214
5.09207	0.32423
5.10307	0.3456
5.11407	0.39483
5.12407	0.45692
5.13507	0.51848
5.14607	0.57148
5.15707	0.61472
5.16807	0.65142
5.17807	0.68406
5.18907	0.71072
5.20007	0.72336
5.21107	0.71285
5.22207	0.67451
5.23207	0.61062
5.24307	0.53186
5.25407	0.45148
5.26507	0.38129
5.27507	0.32884
5.28607	0.29774
5.29707	0.28972
5.30807	0.30638
5.31907	0.34943
5.32907	0.41921
5.34007	0.5124
5.35107	0.61952
5.36207	0.72397
5.37307	0.80411
5.38307	0.83887
5.39407	0.81537
5.40507	0.73457
5.41607	0.61232
5.42707	0.47381
5.43707	0.34469
5.44807	0.24314
5.45907	0.1763
5.47007	0.14144
5.48007	0.13033
5.49107	0.13379
5.50207	0.14481
5.51307	0.15945
5.52407	0.1758
5.53407	0.19249
5.54507	0.2076
5.55607	0.21874
5.56707	0.22393
5.57807	0.22236
5.58807	0.21438
5.59907	0.20087
5.61007	0.1828
5.62107	0.16129
5.63207	0.13816
5.64207	0.1161
5.65307	0.09812
5.66407	0.08659
5.67507	0.08207
5.68507	0.08322
5.69607	0.08743
5.70707	0.0922
5.71807	0.0962
5.72907	0.09952
5.73907	0.10353
5.75007	0.1097
5.76107	0.11918
5.77207	0.13205
5.78307	0.1475
5.79307	0.16389
5.80407	0.17922
5.81507	0.19161
5.82607	0.19998
5.83707	0.20482
5.84707	0.20833
5.85807	0.21423
5.86907	0.22671
5.88007	0.2489
5.89007	0.28124
5.90107	0.32023
5.91207	0.35886
5.92307	0.38869
5.93407	0.40337
5.94407	0.40142
5.95507	0.38699
5.96607	0.36769
5.97707	0.35076
5.98807	0.33974
5.99807	0.33341
6.00907	0.3273
6.02007	0.3168
6.03107	0.29975
6.04207	0.27788
6.05207	0.25615
6.06307	0.24059
6.07407	0.23603
6.08507	0.24375
6.09507	0.26091
6.10607	0.28163
6.11707	0.29924
6.12807	0.30898
6.13907	0.30952
6.14907	0.30276
6.16007	0.2921
6.17107	0.28061
6.18207	0.26993
6.19307	0.26035
6.20307	0.25146
6.21407	0.24253
6.22507	0.23271
6.23607	0.2209
6.24707	0.20634
6.25707	0.18958
6.26807	0.17326
6.27907	0.16205
6.29007	0.16156
6.30007	0.17667
6.31107	0.20966
6.32207	0.25871
6.33307	0.31695
6.34407	0.37318
6.35407	0.41417
6.36507	0.42852
6.37607	0.41082
6.38707	0.3638
6.39807	0.29755
6.40807	0.22609
6.41907	0.16295
6.43007	0.11791
6.44107	0.0957
6.45207	0.09661
6.46207	0.11726
6.47307	0.15162
6.48407	0.19177
6.49507	0.22913
6.50507	0.25648
6.51607	0.2697
6.52707	0.26885
6.53807	0.25741
6.54907	0.24051
6.55907	0.22302
6.57007	0.20826
6.58107	0.19761
6.59207	0.19079
6.60307	0.18624
6.61307	0.1818
6.62407	0.17546
6.63507	0.16627
6.64607	0.15477
6.65707	0.14278
6.66707	0.13276
6.67807	0.12662
6.68907	0.12509
6.70007	0.12758
6.71007	0.1324
6.72107	0.13776
6.73207	0.14255
6.74307	0.14669
6.75407	0.15153
6.76407	0.15944
6.77507	0.17375
6.78607	0.19786
6.79707	0.2341
6.80807	0.28189
6.81807	0.33634
6.82907	0.38844
6.84007	0.42734
6.85107	0.44439
6.86207	0.43639
6.87207	0.40699
6.88307	0.36478
6.89407	0.31967
6.90507	0.27962
6.91507	0.24873
6.92607	0.22748
6.93707	0.21396
6.94807	0.2053
6.95907	0.19883
6.96907	0.19243
6.98007	0.18531
6.99107	0.17787
7.00207	0.17163
7.01307	0.16829
7.02307	0.1691
7.03407	0.17404
7.04507	0.18174
7.05607	0.18999
7.06707	0.19623
7.07707	0.19821
7.08807	0.19415
7.09907	0.18325
7.11007	0.16602
7.12007	0.14455
7.13107	0.12211
7.14207	0.10213
7.15307	0.08708
7.16407	0.07773
7.17407	0.07303
7.18507	0.071
7.19607	0.06964
7.20707	0.06782
7.21807	0.06544
7.22807	0.06326
7.23907	0.06226
7.25007	0.06289
7.26107	0.06486
7.27207	0.06718
7.28207	0.0686
7.29307	0.0682
7.30407	0.06585
7.31507	0.06228
7.32507	0.05886
7.33607	0.05704
7.34707	0.05785
7.35807	0.06131
7.36907	0.06639
7.37907	0.07131
7.39007	0.07404
7.40107	0.07317
7.41207	0.06839
7.42307	0.06079
7.43307	0.05256
7.44407	0.04653
7.45507	0.04561
7.46607	0.05224
7.47707	0.06787
7.48707	0.09238
7.49807	0.12369
7.50907	0.15775
7.52007	0.18908
7.53007	0.2123
7.54107	0.22382
7.55207	0.2229
7.56307	0.21179
7.57407	0.19459
7.58407	0.17547
7.59507	0.15769
7.60607	0.1428
7.61707	0.13129
7.62807	0.12308
7.63807	0.11791
7.64907	0.11526
7.66007	0.11413
7.67107	0.11288
7.68207	0.10952
7.69207	0.10243
7.70307	0.09102
7.71407	0.07602
7.72507	0.0592
7.73507	0.04278
7.74607	0.02858
7.75707	0.0176
7.76807	0.00998
7.77907	0.0052
7.78907	0.00249
7.80007	0.00109
7.81107	4.4E-4
7.82207	1.6E-4
7.83307	5E-5
7.84307	2E-5
7.85407	0
7.86507	0
7.87607	0
7.88707	0
7.89707	0
7.90807	0
7.91907	0
7.93007	0
7.94007	0
7.95107	0
7.96207	0
7.97307	0
7.98407	0
7.99407	0
8.00507	0
8.01607	0
8.02707	0
8.03807	0
8.04807	0
8.05907	0
8.07007	0
8.08107	0
8.09207	0
8.10207	0
8.11307	0
8.12407	0
8.13507	0
8.14507	0
8.15607	0
8.16707	0
8.17807	0
8.18907	0
8.19907	0
8.21007	0
8.22107	0
8.23207	0
8.24307	0
8.25307	0
8.26407	0
8.27507	0
8.28607	0
8.29707	0
8.30707	0
8.31807	0
8.32907	0
8.34007	0
8.35007	0
8.36107	0
8.37207	0
8.38307	0
8.39407	0
8.40407	0
8.41507	0
8.42607	0
8.43707	0
8.44807	0
8.45807	0
8.46907	0
8.48007	0
8.49107	0
8.50207	0
8.51207	0
8.52307	0
8.53407	0
8.54507	0
8.55507	0
8.56607	0
8.57707	0
8.58807	0
8.59907	0
8.60907	0
8.62007	0
8.63107	0
8.64207	0
8.65307	0
8.66307	0
8.67407	0
8.68507	0
8.69607	0
8.70607	0
8.71707	0
8.72807	0
8.73907	0
8.75007	0
8.76007	0
8.77107	0
8.78207	0
8.79307	0
8.80407	0
8.81407	0
8.82507	0
8.83607	0
8.84707	0
8.85807	0
8.86807	0
8.87907	0
8.89007	0
8.90107	0
8.91107	0
8.92207	0
8.93307	0
8.94407	0
8.95507	0
8.96507	0
8.97607	0
8.98707	0
8.99807	0
9.00907	0
9.01907	0
9.03007	0
9.04107	0
9.05207	0
9.06307	0
9.07307	0
9.08407	0
9.09507	0
9.10607	0
9.11607	0
9.12707	0
9.13807	0
9.14907	0
9.16007	0
9.17007	0
9.18107	0